(1, 37, 37, 2, 1, 38, 4)
(37, 37, 2, 1, 38, 4, 4)
(37, 2, 1, 38, 4, 4, 2)
(2, 1, 38, 4, 4, 2, 39)
(1, 38, 4, 4, 2, 39, 1)
(38, 4, 4, 2, 39, 1, 1)
(4, 4, 2, 39, 1, 1, 2)
(4, 2, 39, 1, 1, 2, 1)
(2, 39, 1, 1, 2, 1, 3)
(39, 1, 1, 2, 1, 3, 3)
(1, 1, 2, 1, 3, 3, 2)
(1, 2, 1, 3, 3, 2, 1)
(2, 1, 3, 3, 2, 1, 3)
(1, 3, 3, 2, 1, 3, 3)
(3, 3, 2, 1, 3, 3, 3)
(3, 2, 1, 3, 3, 3, 3)
(2, 1, 3, 3, 3, 3, 2)
(1, 3, 3, 3, 3, 2, 1)
(3, 3, 3, 3, 3, 3, 3)
(3, 3, 3, 3, 2, 1, 3)
(3, 4, 3, 3, 3, 3, 3)
(3, 3, 3, 2, 1, 3, 3)
(3, 3, 2, 1, 3, 3, 3)
(3, 2, 1, 3, 3, 3, 3)
(3, 27, 9, 27, 9, 27, 9)
(27, 9, 27, 9, 27, 9, 27)
(9, 27, 9, 27, 9, 27, 9)
(27, 9, 27, 9, 27, 9, 3)
(2, 1, 3, 3, 3, 3, 14)
(1, 3, 3, 3, 3, 14, 3)
(3, 3, 3, 3, 14, 3, 3)
(3, 3, 3, 14, 3, 3, 3)
(3, 3, 14, 3, 3, 3, 3)
(3, 14, 3, 3, 3, 3, 3)
(14, 3, 3, 3, 3, 3, 3)
(3, 3, 3, 3, 3, 3, 3)
(3, 3, 3, 3, 3, 3, 9)
(3, 3, 3, 3, 3, 9, 9)
(3, 3, 3, 3, 9, 9, 9)
(3, 3, 3, 9, 9, 9, 9)
(3, 3, 3, 3, 3, 3, 3)
(3, 3, 3, 3, 3, 3, 3)
(3, 3, 9, 9, 9, 9, 3)
(4, 3, 3, 3, 3, 3, 3)
(3, 3, 3, 3, 3, 3, 4)
(3, 3, 3, 3, 3, 4, 3)
(3, 9, 9, 9, 9, 3, 3)
(9, 9, 9, 9, 3, 3, 2)
(9, 9, 9, 3, 3, 2, 1)
(3, 3, 3, 3, 3, 3, 3)
(3, 3, 3, 3, 3, 3, 3)
(3, 3, 4, 3, 3, 3, 3)
(3, 4, 3, 3, 3, 3, 3)
(3, 3, 3, 3, 3, 3, 3)
(3, 3, 3, 3, 3, 3, 3)
(9, 9, 3, 3, 2, 1, 3)
(3, 3, 3, 3, 3, 3, 3)
(3, 3, 3, 3, 3, 3, 3)
(3, 3, 3, 3, 4, 3, 3)
(3, 3, 3, 4, 3, 3, 3)
(3, 3, 3, 3, 3, 3, 3)
(3, 3, 3, 3, 3, 3, 5)
(3, 3, 3, 3, 3, 5, 3)
(4, 3, 3, 3, 3, 3, 3)
(3, 3, 3, 3, 3, 3, 4)
(3, 3, 3, 3, 3, 4, 3)
(9, 3, 3, 2, 1, 3, 2)
(3, 3, 3, 3, 3, 3, 3)
(3, 3, 4, 3, 3, 3, 3)
(3, 4, 3, 3, 3, 3, 3)
(3, 3, 3, 3, 4, 3, 3)
(3, 3, 3, 3, 5, 3, 3)
(3, 3, 3, 3, 3, 3, 3)
(3, 3, 3, 5, 3, 3, 4)
(3, 3, 3, 3, 3, 3, 3)
(3, 3, 5, 3, 3, 4, 2)
(4, 3, 3, 3, 3, 3, 3)
(3, 5, 3, 3, 4, 2, 3)
(3, 3, 2, 1, 3, 2, 1)
(3, 2, 1, 3, 2, 1, 3)
(2, 1, 3, 2, 1, 3, 3)
(1, 3, 2, 1, 3, 3, 3)
(3, 3, 3, 3, 3, 3, 3)
(3, 3, 3, 3, 3, 3, 3)
(5, 3, 3, 4, 2, 3, 3)
(3, 2, 1, 3, 3, 3, 3)
(2, 1, 3, 3, 3, 3, 3)
(1, 3, 3, 3, 3, 3, 3)
(3, 3, 3, 3, 3, 3, 3)
(3, 3, 3, 3, 3, 3, 2)
(3, 3, 3, 4, 3, 3, 3)
(3, 3, 3, 3, 3, 2, 1)
(3, 3, 4, 3, 3, 3, 3)
(3, 3, 3, 3, 2, 1, 3)
(3, 3, 3, 3, 3, 3, 3)
(3, 3, 3, 3, 3, 3, 3)
(3, 3, 3, 2, 1, 3, 3)
(3, 3, 4, 2, 3, 3, 3)
(3, 4, 2, 3, 3, 3, 3)
(3, 3, 2, 1, 3, 3, 3)
(3, 3, 3, 3, 3, 3, 3)
(3, 3, 3, 3, 3, 3, 3)
(3, 2, 1, 3, 3, 3, 3)
(3, 4, 3, 3, 3, 3, 3)
(4, 3, 3, 3, 3, 3, 3)
(2, 1, 3, 3, 3, 3, 3)
(3, 3, 3, 3, 3, 3, 3)
(3, 3, 3, 3, 3, 3, 3)
(1, 3, 3, 3, 3, 3, 3)
(3, 3, 3, 3, 3, 3, 14)
(3, 3, 3, 3, 3, 14, 14)
(3, 3, 3, 3, 14, 14, 14)
(3, 3, 3, 14, 14, 14, 14)
(3, 3, 14, 14, 14, 14, 14)
(3, 14, 14, 14, 14, 14, 14)
(14, 14, 14, 14, 14, 14, 14)
(14, 14, 14, 14, 14, 14, 14)
(14, 14, 14, 14, 14, 14, 14)
(14, 14, 14, 14, 14, 14, 14)
(4, 2, 3, 3, 3, 3, 3)
(14, 14, 14, 14, 14, 14, 14)
(2, 3, 3, 3, 3, 3, 4)
(14, 14, 14, 14, 14, 14, 14)
(3, 3, 3, 3, 3, 4, 2)
(3, 3, 3, 3, 4, 2, 3)
(14, 14, 14, 14, 14, 14, 3)
(14, 14, 14, 14, 14, 3, 2)
(14, 14, 14, 14, 3, 2, 1)
(3, 3, 3, 3, 3, 3, 3)
(3, 3, 3, 3, 3, 3, 4)
(3, 3, 3, 3, 3, 4, 6)
(3, 3, 3, 3, 4, 6, 3)
(14, 14, 14, 3, 2, 1, 3)
(14, 14, 3, 2, 1, 3, 2)
(14, 3, 2, 1, 3, 2, 1)
(3, 2, 1, 3, 2, 1, 5)
(2, 1, 3, 2, 1, 5, 2)
(1, 3, 2, 1, 5, 2, 7)
(3, 3, 3, 3, 3, 3, 3)
(3, 3, 3, 3, 3, 3, 5)
(3, 3, 3, 3, 3, 5, 8)
(3, 3, 3, 3, 5, 8, 8)
(3, 3, 3, 3, 3, 3, 3)
(3, 3, 3, 5, 8, 8, 10)
(3, 3, 3, 3, 3, 3, 4)
(3, 3, 5, 8, 8, 10, 7)
(3, 5, 8, 8, 10, 7, 3)
(3, 3, 3, 3, 3, 4, 7)
(3, 3, 3, 3, 4, 7, 3)
(3, 2, 1, 5, 2, 7, 3)
(2, 1, 5, 2, 7, 3, 3)
(3, 3, 3, 4, 7, 3, 3)
(3, 3, 4, 7, 3, 3, 3)
(1, 5, 2, 7, 3, 3, 3)
(5, 2, 7, 3, 3, 3, 3)
(2, 7, 3, 3, 3, 3, 3)
(7, 3, 3, 3, 3, 3, 11)
(3, 3, 3, 3, 3, 11, 40)
(3, 3, 3, 3, 11, 40, 7)
(3, 3, 3, 11, 40, 7, 6)
(3, 3, 11, 40, 7, 6, 6)
(3, 11, 40, 7, 6, 6, 4)
(11, 40, 7, 6, 6, 4, 4)
(40, 7, 6, 6, 4, 4, 9)
(7, 6, 6, 4, 4, 9, 9)
(9, 27, 9, 27, 9, 3, 3)
(27, 9, 27, 9, 3, 3, 27)
(9, 27, 9, 3, 3, 27, 9)
(27, 9, 3, 3, 27, 9, 27)
(9, 3, 3, 27, 9, 27, 9)
(3, 3, 27, 9, 27, 9, 27)
(3, 27, 9, 27, 9, 27, 9)
(27, 9, 27, 9, 27, 9, 27)
(9, 27, 9, 27, 9, 27, 9)
(27, 9, 27, 9, 27, 9, 3)
(6, 6, 4, 4, 9, 9, 14)
(6, 4, 4, 9, 9, 14, 3)
(4, 4, 9, 9, 14, 3, 3)
(4, 9, 9, 14, 3, 3, 3)
(9, 9, 14, 3, 3, 3, 3)
(9, 14, 3, 3, 3, 3, 3)
(14, 3, 3, 3, 3, 3, 9)
(3, 3, 3, 3, 3, 9, 9)
(3, 3, 3, 3, 9, 9, 9)
(3, 3, 3, 9, 9, 9, 9)
(3, 3, 9, 9, 9, 9, 2)
(3, 9, 9, 9, 9, 2, 1)
(3, 4, 7, 3, 3, 3, 3)
(4, 7, 3, 3, 3, 3, 3)
(9, 9, 9, 9, 2, 1, 3)
(3, 3, 3, 4, 6, 3, 3)
(3, 3, 4, 6, 3, 3, 3)
(3, 3, 3, 4, 2, 3, 3)
(3, 3, 4, 2, 3, 3, 3)
(3, 4, 2, 3, 3, 3, 9)
(5, 8, 8, 10, 7, 3, 3)
(8, 8, 10, 7, 3, 3, 3)
(7, 3, 3, 3, 3, 3, 3)
(8, 10, 7, 3, 3, 3, 3)
(9, 9, 9, 2, 1, 3, 3)
(10, 7, 3, 3, 3, 3, 3)
(3, 4, 6, 3, 3, 3, 3)
(7, 3, 3, 3, 3, 3, 3)
(4, 2, 3, 3, 3, 9, 3)
(3, 3, 3, 3, 3, 3, 3)
(3, 3, 3, 3, 3, 3, 3)
(3, 3, 3, 3, 3, 3, 3)
(9, 9, 2, 1, 3, 3, 3)
(3, 3, 3, 3, 3, 3, 3)
(4, 6, 3, 3, 3, 3, 3)
(3, 3, 3, 3, 3, 3, 3)
(2, 3, 3, 3, 9, 3, 3)
(3, 3, 3, 9, 3, 3, 3)
(3, 3, 9, 3, 3, 3, 9)
(3, 3, 3, 3, 3, 3, 3)
(3, 9, 3, 3, 3, 9, 3)
(9, 3, 3, 3, 9, 3, 9)
(9, 2, 1, 3, 3, 3, 3)
(3, 3, 3, 9, 3, 9, 3)
(3, 3, 9, 3, 9, 3, 9)
(6, 3, 3, 3, 3, 3, 3)
(3, 9, 3, 9, 3, 9, 3)
(3, 3, 3, 3, 3, 3, 3)
(9, 3, 9, 3, 9, 3, 3)
(3, 3, 3, 3, 3, 3, 3)
(3, 9, 3, 9, 3, 3, 3)
(2, 1, 3, 3, 3, 3, 3)
(9, 3, 9, 3, 3, 3, 3)
(3, 3, 3, 3, 3, 3, 3)
(3, 9, 3, 3, 3, 3, 3)
(3, 3, 3, 3, 3, 3, 3)
(9, 3, 3, 3, 3, 3, 3)
(3, 3, 3, 3, 3, 3, 3)
(1, 3, 3, 3, 3, 3, 3)
(3, 3, 3, 3, 3, 3, 3)
(3, 3, 3, 3, 3, 3, 3)
(3, 3, 3, 3, 3, 3, 3)
(3, 3, 3, 3, 3, 3, 3)
(3, 3, 3, 3, 3, 3, 3)
(3, 3, 3, 3, 3, 3, 3)
(3, 3, 3, 3, 3, 3, 3)
(3, 3, 3, 3, 3, 3, 3)
(3, 3, 3, 3, 3, 3, 3)
(3, 3, 3, 3, 3, 3, 3)
(3, 3, 3, 3, 3, 3, 4)
(3, 3, 3, 3, 3, 4, 3)
(3, 3, 3, 3, 3, 3, 2)
(3, 3, 3, 3, 3, 3, 3)
(3, 3, 3, 3, 3, 3, 4)
(3, 3, 3, 3, 3, 4, 3)
(3, 3, 3, 3, 4, 3, 9)
(3, 3, 3, 4, 3, 9, 9)
(3, 3, 4, 3, 9, 9, 9)
(3, 3, 3, 3, 3, 2, 1)
(3, 4, 3, 9, 9, 9, 9)
(4, 3, 9, 9, 9, 9, 9)
(3, 3, 3, 3, 3, 3, 3)
(3, 3, 3, 3, 3, 3, 3)
(3, 3, 3, 3, 3, 3, 3)
(3, 3, 3, 3, 3, 3, 3)
(3, 3, 3, 3, 2, 1, 3)
(3, 9, 9, 9, 9, 9, 9)
(3, 3, 3, 2, 1, 3, 3)
(3, 3, 3, 3, 3, 3, 3)
(3, 3, 3, 3, 3, 3, 3)
(3, 3, 2, 1, 3, 3, 3)
(3, 3, 3, 3, 4, 3, 3)
(3, 2, 1, 3, 3, 3, 3)
(3, 3, 3, 4, 3, 3, 3)
(2, 1, 3, 3, 3, 3, 3)
(9, 9, 9, 9, 9, 9, 9)
(1, 3, 3, 3, 3, 3, 3)
(3, 3, 4, 3, 3, 3, 3)
(3, 3, 3, 3, 3, 3, 3)
(9, 9, 9, 9, 9, 9, 3)
(3, 3, 3, 3, 3, 3, 3)
(9, 9, 9, 9, 9, 3, 3)
(3, 3, 3, 3, 3, 3, 3)
(3, 3, 3, 3, 3, 3, 3)
(3, 3, 3, 3, 3, 3, 2)
(3, 3, 3, 3, 3, 2, 1)
(3, 3, 3, 3, 2, 1, 3)
(3, 3, 3, 3, 3, 3, 3)
(3, 3, 3, 3, 3, 3, 3)
(3, 3, 3, 2, 1, 3, 3)
(3, 3, 2, 1, 3, 3, 9)
(3, 2, 1, 3, 3, 9, 9)
(2, 1, 3, 3, 9, 9, 9)
(1, 3, 3, 9, 9, 9, 27)
(3, 3, 9, 9, 9, 27, 9)
(3, 9, 9, 9, 27, 9, 9)
(9, 9, 9, 27, 9, 9, 27)
(9, 9, 27, 9, 9, 27, 9)
(9, 27, 9, 9, 27, 9, 9)
(27, 9, 9, 27, 9, 9, 27)
(9, 9, 27, 9, 9, 27, 9)
(9, 27, 9, 9, 27, 9, 9)
(3, 3, 3, 3, 3, 3, 3)
(3, 3, 3, 3, 3, 3, 3)
(9, 27, 9, 27, 9, 3, 3)
(27, 9, 9, 27, 9, 9, 3)
(3, 4, 3, 3, 3, 3, 3)
(4, 3, 3, 3, 3, 3, 3)
(9, 9, 27, 9, 9, 3, 3)
(9, 9, 9, 9, 3, 3, 3)
(9, 9, 9, 3, 3, 3, 3)
(9, 27, 9, 9, 3, 3, 3)
(3, 3, 3, 3, 3, 3, 3)
(3, 3, 3, 3, 3, 3, 3)
(27, 9, 9, 3, 3, 3, 3)
(3, 3, 3, 3, 3, 3, 3)
(3, 3, 3, 3, 3, 3, 3)
(9, 9, 3, 3, 3, 3, 3)
(3, 3, 3, 3, 3, 3, 3)
(3, 3, 3, 3, 3, 3, 3)
(9, 3, 3, 3, 3, 3, 3)
(9, 9, 3, 3, 3, 3, 3)
(9, 3, 3, 3, 3, 3, 3)
(3, 3, 3, 3, 3, 3, 3)
(3, 3, 3, 3, 3, 3, 3)
(3, 3, 3, 3, 3, 3, 3)
(3, 3, 3, 3, 3, 3, 3)
(3, 3, 3, 3, 3, 3, 3)
(3, 3, 3, 3, 3, 3, 3)
(3, 3, 3, 3, 3, 3, 3)
(3, 3, 3, 3, 3, 3, 3)
(3, 3, 3, 3, 3, 3, 3)
(3, 3, 3, 3, 3, 3, 3)
(3, 3, 3, 3, 3, 3, 3)
(3, 3, 3, 3, 3, 3, 3)
(3, 3, 3, 3, 3, 3, 3)
(3, 3, 3, 3, 3, 3, 3)
(3, 3, 3, 3, 3, 3, 3)
(3, 3, 3, 3, 3, 3, 3)
(3, 3, 3, 3, 3, 3, 3)
(3, 3, 3, 3, 3, 3, 3)
(3, 3, 3, 3, 3, 3, 3)
(3, 3, 3, 3, 3, 3, 3)
(3, 3, 3, 3, 3, 3, 3)
(3, 3, 3, 3, 3, 3, 3)
(3, 3, 3, 3, 3, 3, 3)
(3, 3, 3, 3, 3, 3, 3)
(3, 3, 3, 3, 3, 3, 3)
(3, 3, 3, 3, 3, 3, 3)
(3, 3, 3, 3, 3, 3, 3)
(3, 3, 3, 3, 3, 3, 14)
(3, 3, 3, 3, 3, 14, 14)
(3, 3, 3, 3, 14, 14, 14)
(3, 3, 3, 14, 14, 14, 14)
(3, 3, 14, 14, 14, 14, 14)
(3, 14, 14, 14, 14, 14, 14)
(14, 14, 14, 14, 14, 14, 14)
(14, 14, 14, 14, 14, 14, 14)
(14, 14, 14, 14, 14, 14, 14)
(14, 14, 14, 14, 14, 14, 14)
(14, 14, 14, 14, 14, 14, 14)
(14, 14, 14, 14, 14, 14, 14)
(14, 14, 14, 14, 14, 14, 14)
(14, 14, 14, 14, 14, 14, 14)
(14, 14, 14, 14, 14, 14, 14)
(14, 14, 14, 14, 14, 14, 14)
(14, 14, 14, 14, 14, 14, 14)
(14, 14, 14, 14, 14, 14, 14)
(14, 14, 14, 14, 14, 14, 14)
(14, 14, 14, 14, 14, 14, 14)
(14, 14, 14, 14, 14, 14, 14)
(14, 14, 14, 14, 14, 14, 14)
(14, 14, 14, 14, 14, 14, 14)
(14, 14, 14, 14, 14, 14, 14)
(14, 14, 14, 14, 14, 14, 14)
(14, 14, 14, 14, 14, 14, 14)
(14, 14, 14, 14, 14, 14, 14)
(14, 14, 14, 14, 14, 14, 14)
(14, 14, 14, 14, 14, 14, 14)
(14, 14, 14, 14, 14, 14, 14)
(14, 14, 14, 14, 14, 14, 14)
(14, 14, 14, 14, 14, 14, 14)
(3, 3, 3, 3, 3, 3, 3)
(3, 3, 3, 3, 3, 3, 3)
(14, 14, 14, 14, 14, 14, 3)
(14, 14, 14, 14, 14, 3, 3)
(27, 9, 27, 9, 3, 3, 3)
(14, 14, 14, 14, 3, 3, 3)
(3, 3, 3, 3, 3, 3, 3)
(3, 3, 3, 3, 3, 3, 3)
(14, 14, 14, 3, 3, 3, 3)
(9, 27, 9, 3, 3, 3, 9)
(27, 9, 3, 3, 3, 9, 9)
(9, 3, 3, 3, 9, 9, 9)
(3, 3, 3, 9, 9, 9, 9)
(3, 3, 3, 3, 3, 3, 3)
(3, 3, 3, 3, 3, 3, 3)
(14, 14, 3, 3, 3, 3, 3)
(3, 3, 9, 9, 9, 9, 9)
(3, 9, 9, 9, 9, 9, 9)
(9, 9, 9, 9, 9, 9, 9)
(3, 3, 3, 3, 3, 3, 3)
(3, 3, 3, 3, 3, 3, 3)
(14, 3, 3, 3, 3, 3, 3)
(3, 3, 3, 3, 3, 3, 3)
(3, 3, 3, 3, 3, 3, 3)
(3, 3, 3, 3, 3, 3, 3)
(3, 3, 3, 3, 3, 3, 3)
(3, 3, 3, 3, 3, 3, 3)
(3, 3, 3, 3, 3, 3, 3)
(3, 3, 3, 3, 3, 3, 3)
(3, 3, 3, 3, 3, 3, 3)
(3, 3, 3, 3, 3, 3, 3)
(3, 3, 3, 3, 3, 3, 3)
(3, 3, 3, 3, 3, 3, 3)
(3, 3, 3, 3, 3, 3, 3)
(3, 3, 3, 3, 3, 3, 3)
(3, 3, 3, 3, 3, 3, 3)
(3, 3, 3, 3, 3, 3, 3)
(3, 3, 3, 3, 3, 3, 3)
(3, 3, 3, 3, 3, 3, 3)
(3, 3, 3, 3, 3, 3, 3)
(3, 3, 3, 3, 3, 3, 3)
(3, 3, 3, 3, 3, 3, 3)
(3, 3, 3, 3, 3, 3, 3)
(3, 3, 3, 3, 3, 3, 3)
(3, 3, 3, 3, 3, 3, 3)
(3, 3, 3, 3, 3, 3, 3)
(3, 3, 3, 3, 3, 27, 9)
(3, 3, 3, 3, 27, 9, 27)
(3, 3, 3, 27, 9, 27, 9)
(3, 3, 27, 9, 27, 9, 27)
(3, 27, 9, 27, 9, 27, 9)
(27, 9, 27, 9, 27, 9, 27)
(9, 27, 9, 27, 9, 27, 9)
(27, 9, 27, 9, 27, 9, 3)
(3, 3, 3, 3, 3, 3, 14)
(3, 3, 3, 3, 3, 14, 3)
(3, 3, 3, 3, 14, 3, 3)
(3, 3, 3, 3, 3, 3, 3)
(3, 3, 3, 3, 3, 3, 3)
(3, 3, 3, 14, 3, 3, 3)
(3, 3, 14, 3, 3, 3, 3)
(3, 3, 3, 3, 3, 3, 3)
(3, 3, 3, 3, 3, 3, 3)
(3, 14, 3, 3, 3, 3, 3)
(3, 3, 3, 3, 3, 3, 3)
(14, 3, 3, 3, 3, 3, 3)
(3, 3, 3, 3, 3, 3, 3)
(3, 3, 3, 3, 3, 3, 3)
(3, 3, 3, 3, 3, 3, 3)
(3, 3, 3, 3, 3, 3, 3)
(3, 3, 3, 3, 3, 3, 9)
(3, 3, 3, 3, 3, 9, 9)
(3, 3, 3, 3, 9, 9, 9)
(3, 3, 3, 9, 9, 9, 9)
(3, 3, 3, 3, 3, 3, 3)
(3, 3, 3, 3, 3, 3, 3)
(3, 3, 9, 9, 9, 9, 3)
(3, 3, 3, 3, 3, 3, 3)
(3, 3, 3, 3, 3, 3, 3)
(3, 9, 9, 9, 9, 3, 3)
(3, 3, 3, 3, 3, 3, 3)
(3, 3, 3, 3, 3, 3, 3)
(9, 9, 9, 9, 3, 3, 3)
(3, 3, 3, 3, 3, 3, 3)
(3, 3, 3, 3, 3, 3, 4)
(3, 3, 3, 3, 3, 4, 3)
(9, 9, 9, 3, 3, 3, 3)
(9, 9, 3, 3, 3, 3, 14)
(9, 3, 3, 3, 3, 14, 14)
(3, 3, 3, 3, 14, 14, 14)
(3, 3, 3, 14, 14, 14, 14)
(3, 3, 14, 14, 14, 14, 14)
(3, 14, 14, 14, 14, 14, 14)
(14, 14, 14, 14, 14, 14, 14)
(14, 14, 14, 14, 14, 14, 14)
(14, 14, 14, 14, 14, 14, 14)
(14, 14, 14, 14, 14, 14, 14)
(14, 14, 14, 14, 14, 14, 14)
(14, 14, 14, 14, 14, 14, 14)
(14, 14, 14, 14, 14, 14, 14)
(14, 14, 14, 14, 14, 14, 14)
(14, 14, 14, 14, 14, 14, 14)
(14, 14, 14, 14, 14, 14, 14)
(14, 14, 14, 14, 14, 14, 14)
(14, 14, 14, 14, 14, 14, 14)
(14, 14, 14, 14, 14, 14, 14)
(14, 14, 14, 14, 14, 14, 14)
(14, 14, 14, 14, 14, 14, 14)
(14, 14, 14, 14, 14, 14, 14)
(14, 14, 14, 14, 14, 14, 14)
(14, 14, 14, 14, 14, 14, 14)
(14, 14, 14, 14, 14, 14, 14)
(14, 14, 14, 14, 14, 14, 14)
(14, 14, 14, 14, 14, 14, 14)
(14, 14, 14, 14, 14, 14, 14)
(14, 14, 14, 14, 14, 14, 14)
(14, 14, 14, 14, 14, 14, 14)
(9, 9, 9, 9, 9, 9, 3)
(14, 14, 14, 14, 14, 14, 3)
(9, 27, 9, 27, 9, 3, 3)
(27, 9, 27, 9, 3, 3, 27)
(3, 3, 3, 3, 3, 3, 3)
(9, 27, 9, 3, 3, 27, 9)
(3, 3, 3, 3, 3, 3, 27)
(27, 9, 3, 3, 27, 9, 27)
(3, 3, 3, 3, 3, 3, 27)
(3, 3, 3, 3, 3, 27, 9)
(9, 3, 3, 27, 9, 27, 9)
(3, 3, 3, 3, 3, 27, 9)
(3, 3, 27, 9, 27, 9, 27)
(3, 3, 3, 3, 27, 9, 27)
(3, 3, 3, 3, 27, 9, 27)
(3, 27, 9, 27, 9, 27, 9)
(3, 3, 3, 27, 9, 27, 9)
(3, 3, 3, 27, 9, 27, 9)
(3, 3, 27, 9, 27, 9, 27)
(3, 3, 27, 9, 27, 9, 27)
(3, 27, 9, 27, 9, 27, 9)
(27, 9, 27, 9, 27, 9, 27)
(9, 27, 9, 27, 9, 27, 9)
(3, 27, 9, 27, 9, 27, 9)
(27, 9, 27, 9, 27, 9, 27)
(27, 9, 27, 9, 27, 9, 3)
(14, 14, 14, 14, 14, 3, 14)
(27, 9, 27, 9, 27, 9, 27)
(9, 27, 9, 27, 9, 27, 9)
(27, 9, 27, 9, 27, 9, 3)
(14, 14, 14, 14, 3, 14, 3)
(9, 27, 9, 27, 9, 27, 9)
(14, 14, 14, 3, 14, 3, 6)
(14, 14, 3, 14, 3, 6, 41)
(14, 3, 14, 3, 6, 41, 6)
(3, 14, 3, 6, 41, 6, 5)
(14, 3, 6, 41, 6, 5, 40)
(3, 6, 41, 6, 5, 40, 7)
(6, 41, 6, 5, 40, 7, 6)
(41, 6, 5, 40, 7, 6, 6)
(6, 5, 40, 7, 6, 6, 41)
(5, 40, 7, 6, 6, 41, 6)
(40, 7, 6, 6, 41, 6, 5)
(9, 9, 9, 9, 9, 3, 3)
(7, 6, 6, 41, 6, 5, 40)
(9, 9, 9, 9, 3, 3, 27)
(9, 9, 9, 3, 3, 27, 9)
(9, 9, 3, 3, 27, 9, 27)
(9, 3, 3, 27, 9, 27, 9)
(3, 3, 27, 9, 27, 9, 3)
(6, 6, 41, 6, 5, 40, 3)
(3, 27, 9, 27, 9, 3, 3)
(27, 9, 27, 9, 3, 3, 27)
(9, 27, 9, 3, 3, 27, 9)
(27, 9, 3, 3, 27, 9, 27)
(9, 3, 3, 27, 9, 27, 9)
(3, 3, 27, 9, 27, 9, 3)
(6, 41, 6, 5, 40, 3, 14)
(41, 6, 5, 40, 3, 14, 3)
(9, 27, 9, 27, 9, 3, 3)
(6, 5, 40, 3, 14, 3, 3)
(27, 9, 27, 9, 3, 3, 3)
(5, 40, 3, 14, 3, 3, 3)
(9, 27, 9, 3, 3, 3, 3)
(40, 3, 14, 3, 3, 3, 3)
(9, 27, 9, 27, 9, 3, 3)
(3, 14, 3, 3, 3, 3, 3)
(27, 9, 27, 9, 3, 3, 3)
(14, 3, 3, 3, 3, 3, 3)
(9, 27, 9, 3, 3, 3, 3)
(3, 3, 3, 3, 3, 3, 3)
(27, 9, 3, 3, 3, 3, 3)
(3, 3, 3, 3, 3, 3, 3)
(9, 3, 3, 3, 3, 3, 3)
(3, 3, 3, 3, 3, 3, 3)
(3, 3, 3, 3, 3, 3, 3)
(3, 3, 3, 3, 3, 3, 9)
(3, 3, 3, 3, 3, 9, 9)
(3, 3, 3, 3, 9, 9, 9)
(3, 3, 3, 9, 9, 9, 9)
(3, 3, 9, 9, 9, 9, 7)
(3, 9, 9, 9, 9, 7, 6)
(9, 9, 9, 9, 7, 6, 6)
