(3, 3, 3, 3, 3, 3, 3)
(23, 23, 23, 3, 3, 3, 3)
(3, 3, 3, 3, 3, 3, 3)
(3, 3, 3, 3, 3, 3, 3)
(3, 3, 3, 3, 3, 3, 3)
(3, 3, 3, 3, 3, 3, 3)
(3, 3, 3, 3, 3, 3, 3)
(3, 3, 3, 3, 3, 3, 3)
(3, 3, 3, 3, 3, 3, 3)
(3, 3, 3, 3, 3, 3, 3)
(3, 3, 3, 3, 3, 3, 3)
(3, 3, 3, 3, 3, 3, 3)
(3, 3, 3, 3, 3, 3, 3)
(3, 3, 3, 3, 3, 3, 3)
(3, 3, 3, 3, 3, 3, 3)
(23, 23, 3, 3, 3, 3, 3)
(3, 3, 3, 3, 3, 3, 3)
(3, 3, 3, 3, 3, 3, 3)
(3, 3, 3, 3, 3, 3, 3)
(3, 3, 3, 3, 3, 3, 3)
(3, 3, 3, 3, 3, 3, 3)
(23, 3, 3, 3, 3, 3, 3)
(3, 3, 3, 3, 3, 3, 3)
(3, 3, 3, 3, 3, 3, 3)
(3, 3, 3, 3, 3, 3, 3)
(3, 3, 3, 3, 3, 3, 3)
(3, 3, 3, 3, 3, 3, 3)
(3, 3, 3, 3, 3, 3, 3)
(3, 3, 3, 3, 3, 3, 3)
(3, 3, 3, 3, 3, 3, 3)
(3, 3, 3, 3, 3, 3, 3)
(3, 3, 3, 3, 3, 3, 3)
(3, 3, 3, 3, 3, 3, 3)
(3, 3, 3, 3, 3, 3, 3)
(3, 3, 3, 3, 3, 3, 3)
(3, 3, 3, 3, 3, 3, 3)
(3, 3, 3, 3, 3, 3, 3)
(3, 3, 3, 3, 3, 3, 3)
(3, 3, 3, 3, 3, 3, 3)
(3, 3, 3, 3, 3, 3, 3)
(3, 3, 3, 3, 3, 3, 3)
(3, 3, 3, 3, 3, 3, 3)
(3, 3, 3, 3, 3, 3, 3)
(3, 3, 3, 3, 3, 3, 3)
(3, 3, 3, 3, 3, 3, 3)
(3, 3, 3, 3, 3, 3, 3)
(3, 3, 3, 3, 3, 3, 3)
(3, 3, 3, 3, 3, 3, 3)
(3, 3, 3, 3, 3, 3, 3)
(3, 3, 3, 3, 3, 3, 3)
(3, 3, 3, 3, 3, 3, 3)
(3, 3, 3, 3, 3, 3, 3)
(3, 3, 3, 3, 3, 3, 3)
(3, 3, 3, 3, 3, 3, 3)
(3, 3, 3, 3, 3, 3, 3)
(3, 3, 3, 3, 3, 3, 3)
(3, 3, 3, 3, 3, 3, 3)
(3, 3, 3, 3, 3, 3, 3)
(3, 3, 3, 3, 3, 3, 3)
(3, 3, 3, 3, 3, 3, 3)
(3, 3, 3, 3, 3, 3, 3)
(3, 3, 3, 3, 3, 3, 3)
(3, 3, 3, 3, 3, 3, 3)
(3, 3, 3, 3, 3, 3, 3)
(3, 3, 3, 3, 3, 3, 3)
(3, 3, 3, 3, 3, 3, 3)
(3, 3, 3, 3, 3, 3, 3)
(3, 3, 3, 3, 3, 3, 3)
(3, 3, 3, 3, 3, 3, 3)
(3, 3, 3, 3, 3, 3, 3)
(3, 3, 3, 3, 3, 3, 3)
(3, 3, 3, 3, 3, 3, 3)
(3, 3, 3, 3, 3, 3, 3)
(3, 3, 3, 3, 3, 3, 3)
(3, 3, 3, 3, 3, 3, 3)
(3, 3, 3, 3, 3, 3, 3)
(3, 3, 3, 3, 3, 3, 3)
(3, 3, 3, 3, 3, 3, 3)
(3, 3, 3, 3, 3, 3, 3)
(3, 3, 3, 3, 3, 3, 3)
(3, 3, 3, 3, 3, 3, 3)
(3, 3, 3, 3, 3, 3, 3)
(3, 3, 3, 3, 3, 3, 3)
(3, 3, 3, 3, 3, 3, 3)
(3, 3, 3, 3, 3, 3, 3)
(3, 3, 3, 3, 3, 3, 3)
(3, 3, 3, 3, 3, 3, 3)
(3, 3, 3, 3, 3, 3, 3)
(3, 3, 3, 3, 3, 3, 3)
(3, 3, 3, 3, 3, 3, 3)
(3, 3, 3, 3, 3, 3, 3)
(3, 3, 3, 3, 3, 3, 3)
(3, 3, 3, 3, 3, 3, 3)
(3, 3, 3, 3, 3, 3, 3)
(3, 3, 3, 3, 3, 3, 3)
(3, 3, 3, 3, 3, 3, 3)
(3, 3, 3, 3, 3, 3, 3)
(3, 3, 3, 3, 3, 3, 3)
(3, 3, 3, 3, 3, 3, 3)
(3, 3, 3, 3, 3, 3, 3)
(3, 3, 3, 3, 3, 3, 3)
(3, 3, 3, 3, 3, 3, 3)
(3, 3, 3, 3, 3, 3, 3)
(3, 3, 3, 3, 3, 3, 3)
(3, 3, 3, 3, 3, 3, 3)
(3, 3, 3, 3, 3, 3, 3)
(3, 3, 3, 3, 3, 3, 3)
(3, 3, 3, 3, 3, 3, 3)
(3, 3, 3, 3, 3, 3, 3)
(3, 3, 3, 3, 3, 3, 3)
(3, 3, 3, 3, 3, 3, 3)
(3, 3, 3, 3, 3, 3, 3)
(3, 3, 3, 3, 3, 3, 3)
(3, 3, 3, 3, 3, 3, 3)
(3, 3, 3, 3, 3, 3, 3)
(3, 3, 3, 3, 3, 3, 3)
(3, 3, 3, 3, 3, 3, 3)
(3, 3, 3, 3, 3, 3, 3)
(3, 3, 3, 3, 3, 3, 3)
(3, 3, 3, 3, 3, 3, 3)
(3, 3, 3, 3, 3, 3, 3)
(3, 3, 3, 3, 3, 3, 3)
(3, 3, 3, 3, 3, 3, 3)
(3, 3, 3, 3, 3, 3, 3)
(3, 3, 3, 3, 3, 3, 3)
(3, 3, 3, 3, 3, 3, 3)
(3, 3, 3, 3, 3, 3, 3)
(3, 3, 3, 3, 3, 3, 3)
(3, 3, 3, 3, 3, 3, 3)
(3, 3, 3, 3, 3, 3, 3)
(3, 3, 3, 3, 3, 3, 3)
(3, 3, 3, 3, 3, 3, 3)
(3, 3, 3, 3, 3, 3, 3)
(3, 3, 3, 3, 3, 3, 3)
(3, 3, 3, 3, 3, 3, 3)
(3, 3, 3, 3, 3, 3, 3)
(3, 3, 3, 3, 3, 3, 3)
(3, 3, 3, 3, 3, 3, 3)
(3, 3, 3, 3, 3, 3, 3)
(3, 3, 3, 3, 3, 3, 3)
(3, 3, 3, 3, 3, 3, 3)
(3, 3, 3, 3, 3, 3, 3)
(3, 3, 3, 3, 3, 3, 3)
(3, 3, 3, 3, 3, 3, 3)
(3, 3, 3, 3, 3, 3, 3)
(3, 3, 3, 3, 3, 3, 3)
(3, 3, 3, 3, 3, 3, 3)
(3, 3, 3, 3, 3, 3, 3)
(3, 3, 3, 3, 3, 3, 3)
(3, 3, 3, 3, 3, 3, 3)
(3, 3, 3, 3, 3, 3, 3)
(3, 3, 3, 3, 3, 3, 3)
(3, 3, 3, 3, 3, 3, 3)
(3, 3, 3, 3, 3, 3, 3)
(3, 3, 3, 3, 3, 3, 3)
(3, 3, 3, 3, 3, 3, 3)
(3, 3, 3, 3, 3, 3, 3)
(3, 3, 3, 3, 3, 3, 3)
(3, 3, 3, 3, 3, 3, 3)
(3, 3, 3, 3, 3, 3, 3)
(3, 3, 3, 3, 3, 3, 3)
(3, 3, 3, 3, 3, 3, 3)
(3, 3, 3, 3, 3, 3, 3)
(3, 3, 3, 3, 3, 3, 3)
(3, 3, 3, 3, 3, 3, 3)
(3, 3, 3, 3, 3, 3, 3)
(3, 3, 3, 3, 3, 3, 3)
(3, 3, 3, 3, 3, 3, 3)
(3, 3, 3, 3, 3, 3, 3)
(3, 3, 3, 3, 3, 3, 3)
(3, 3, 3, 3, 3, 3, 3)
(3, 3, 3, 3, 3, 3, 3)
(3, 3, 3, 3, 3, 3, 3)
(3, 3, 3, 3, 3, 3, 3)
(3, 3, 3, 3, 3, 3, 3)
(3, 3, 3, 3, 3, 3, 3)
(3, 3, 3, 3, 3, 3, 3)
(3, 3, 3, 3, 3, 3, 3)
(3, 3, 3, 3, 3, 3, 3)
(3, 3, 3, 3, 3, 3, 3)
(3, 3, 3, 3, 3, 3, 3)
(3, 3, 3, 3, 3, 3, 3)
(3, 3, 3, 3, 3, 3, 3)
(3, 3, 3, 3, 3, 3, 3)
(3, 3, 3, 3, 3, 3, 3)
(3, 3, 3, 3, 3, 3, 3)
(3, 3, 3, 3, 3, 3, 3)
(3, 3, 3, 3, 3, 3, 3)
(3, 3, 3, 3, 3, 3, 3)
(3, 3, 3, 3, 3, 3, 3)
(3, 3, 3, 3, 3, 3, 3)
(3, 3, 3, 3, 3, 3, 3)
(3, 3, 3, 3, 3, 3, 3)
(3, 3, 3, 3, 3, 3, 3)
(3, 3, 3, 3, 3, 3, 3)
(3, 3, 3, 3, 3, 3, 3)
(3, 3, 3, 3, 3, 3, 3)
(3, 3, 3, 3, 3, 3, 27)
(3, 3, 3, 3, 3, 3, 27)
(3, 3, 3, 3, 3, 27, 27)
(3, 3, 3, 3, 3, 27, 27)
(3, 3, 3, 3, 27, 27, 27)
(3, 3, 3, 3, 3, 3, 27)
(3, 3, 3, 3, 3, 27, 27)
(3, 3, 3, 3, 3, 3, 27)
(3, 3, 3, 3, 3, 27, 27)
(3, 3, 3, 3, 27, 27, 27)
(3, 3, 3, 27, 27, 27, 27)
(3, 3, 3, 3, 27, 27, 27)
(3, 3, 27, 27, 27, 27, 27)
(3, 3, 3, 27, 27, 27, 3)
(3, 3, 3, 3, 27, 27, 3)
(3, 27, 27, 27, 27, 27, 27)
(3, 3, 3, 27, 27, 27, 27)
(3, 3, 3, 3, 3, 3, 27)
(3, 3, 3, 3, 3, 27, 3)
(27, 27, 27, 27, 27, 27, 3)
(3, 3, 27, 27, 27, 27, 3)
(3, 3, 3, 3, 27, 3, 3)
(3, 27, 27, 27, 27, 3, 3)
(27, 27, 27, 27, 3, 3, 3)
(27, 27, 27, 3, 3, 3, 3)
(27, 27, 3, 3, 3, 3, 3)
(27, 3, 3, 3, 3, 3, 9)
(3, 3, 3, 3, 3, 9, 9)
(3, 3, 3, 3, 9, 9, 9)
(3, 3, 3, 9, 9, 9, 9)
(3, 3, 9, 9, 9, 9, 9)
(3, 9, 9, 9, 9, 9, 9)
(9, 9, 9, 9, 9, 9, 9)
(9, 9, 9, 9, 9, 9, 9)
(9, 9, 9, 9, 9, 9, 2)
(9, 9, 9, 9, 9, 2, 1)
(9, 9, 9, 9, 2, 1, 4)
(3, 3, 27, 27, 27, 3, 3)
(27, 27, 27, 27, 27, 3, 3)
(3, 3, 3, 27, 3, 3, 3)
(3, 3, 3, 27, 27, 3, 3)
(3, 27, 27, 27, 3, 3, 3)
(3, 3, 27, 27, 3, 3, 3)
(27, 27, 27, 3, 3, 3, 3)
(27, 27, 3, 3, 3, 3, 3)
(27, 27, 27, 27, 3, 3, 3)
(3, 3, 27, 3, 3, 3, 3)
(3, 27, 27, 3, 3, 3, 3)
(3, 27, 3, 3, 3, 3, 3)
(27, 27, 3, 3, 3, 3, 3)
(27, 27, 27, 3, 3, 3, 3)
(27, 3, 3, 3, 3, 3, 3)
(3, 3, 3, 3, 3, 3, 3)
(3, 3, 3, 3, 3, 3, 3)
(27, 27, 3, 3, 3, 3, 3)
(27, 3, 3, 3, 3, 3, 3)
(3, 3, 3, 3, 3, 3, 3)
(27, 3, 3, 3, 3, 3, 3)
(3, 3, 3, 3, 3, 3, 3)
(27, 3, 3, 3, 3, 3, 3)
(3, 3, 3, 3, 3, 3, 3)
(3, 3, 3, 3, 3, 3, 3)
(3, 3, 3, 3, 3, 3, 3)
(3, 3, 3, 3, 3, 3, 3)
(3, 3, 3, 3, 3, 3, 3)
(3, 3, 3, 3, 3, 3, 3)
(3, 3, 3, 3, 3, 3, 3)
(3, 3, 3, 3, 3, 3, 3)
(3, 3, 3, 3, 3, 3, 3)
(3, 3, 3, 3, 3, 3, 3)
(3, 3, 3, 3, 3, 3, 3)
(3, 3, 3, 3, 3, 3, 3)
(3, 3, 3, 3, 3, 3, 3)
(3, 3, 3, 3, 3, 3, 3)
(3, 3, 3, 3, 3, 3, 3)
(3, 3, 3, 3, 3, 3, 3)
(3, 3, 3, 3, 3, 3, 3)
(3, 3, 3, 3, 3, 3, 3)
(3, 3, 3, 3, 3, 3, 3)
(3, 3, 3, 3, 3, 3, 3)
(3, 3, 3, 3, 3, 3, 3)
(3, 3, 3, 3, 3, 3, 3)
(3, 3, 3, 3, 3, 3, 3)
(3, 3, 3, 3, 3, 3, 3)
(3, 3, 3, 3, 3, 3, 3)
(3, 3, 3, 3, 3, 3, 3)
(3, 3, 3, 3, 3, 3, 3)
(3, 3, 3, 3, 3, 3, 3)
(3, 3, 3, 3, 3, 3, 3)
(3, 3, 3, 3, 3, 3, 3)
(3, 3, 3, 3, 3, 3, 3)
(3, 3, 3, 3, 3, 3, 3)
(3, 3, 3, 3, 3, 3, 3)
(3, 3, 3, 3, 3, 3, 3)
(3, 3, 3, 3, 3, 3, 3)
(3, 3, 3, 3, 3, 3, 3)
(3, 3, 3, 3, 3, 3, 3)
(3, 3, 3, 3, 3, 3, 3)
(3, 3, 3, 3, 3, 3, 3)
(3, 3, 3, 3, 3, 3, 3)
(3, 3, 3, 3, 3, 3, 3)
(3, 3, 3, 3, 3, 3, 3)
(3, 3, 3, 3, 3, 3, 3)
(3, 3, 3, 3, 3, 3, 3)
(3, 3, 3, 3, 3, 3, 3)
(3, 3, 3, 3, 3, 3, 3)
(3, 3, 3, 3, 3, 3, 3)
(3, 3, 3, 3, 3, 3, 3)
(3, 3, 3, 3, 3, 3, 3)
(3, 3, 3, 3, 3, 3, 3)
(3, 3, 3, 3, 3, 3, 3)
(3, 3, 3, 3, 3, 3, 3)
(3, 3, 3, 3, 3, 3, 3)
(3, 3, 3, 3, 3, 3, 3)
(3, 3, 3, 3, 3, 3, 3)
(3, 3, 3, 3, 3, 3, 3)
(3, 3, 3, 3, 3, 3, 3)
(3, 3, 3, 3, 3, 3, 3)
(3, 3, 3, 3, 3, 3, 3)
(3, 3, 3, 3, 3, 3, 3)
(3, 3, 3, 3, 3, 3, 3)
(3, 3, 3, 3, 3, 3, 3)
(3, 3, 3, 3, 3, 3, 3)
(3, 3, 3, 3, 3, 3, 3)
(3, 3, 3, 3, 3, 3, 3)
(3, 3, 3, 3, 3, 3, 3)
(3, 3, 3, 3, 3, 3, 3)
(3, 3, 3, 3, 3, 3, 3)
(3, 3, 3, 3, 3, 3, 3)
(3, 3, 3, 3, 3, 3, 3)
(3, 3, 3, 3, 3, 3, 3)
(3, 3, 3, 3, 3, 3, 3)
(3, 3, 3, 3, 3, 3, 3)
(9, 9, 9, 2, 1, 4, 1)
(3, 3, 3, 3, 3, 3, 3)
(9, 9, 2, 1, 4, 1, 2)
(3, 3, 3, 3, 3, 3, 3)
(3, 3, 3, 3, 3, 3, 3)
(3, 3, 3, 3, 3, 3, 3)
(9, 2, 1, 4, 1, 2, 1)
(3, 3, 3, 3, 3, 3, 3)
(3, 3, 3, 3, 3, 3, 3)
(3, 3, 3, 3, 3, 3, 3)
(2, 1, 4, 1, 2, 1, 4)
(3, 3, 3, 3, 3, 3, 3)
(3, 3, 3, 3, 3, 3, 3)
(3, 3, 3, 3, 3, 3, 3)
(3, 3, 3, 3, 3, 3, 3)
(3, 3, 3, 3, 3, 3, 3)
(3, 3, 3, 3, 3, 3, 3)
(3, 3, 3, 3, 3, 3, 3)
(3, 3, 3, 3, 3, 3, 3)
(3, 3, 3, 3, 3, 3, 3)
(3, 3, 3, 3, 3, 3, 3)
(3, 3, 3, 3, 3, 3, 3)
(3, 3, 3, 3, 3, 3, 3)
(3, 3, 3, 3, 3, 3, 3)
(3, 3, 3, 3, 3, 3, 3)
(3, 3, 3, 3, 3, 3, 3)
(3, 3, 3, 3, 3, 3, 3)
(3, 3, 3, 3, 3, 3, 3)
(3, 3, 3, 3, 3, 3, 3)
(3, 3, 3, 3, 3, 3, 3)
(3, 3, 3, 3, 3, 3, 3)
(3, 3, 3, 3, 3, 3, 3)
(3, 3, 3, 3, 3, 3, 3)
(3, 3, 3, 3, 3, 3, 3)
(3, 3, 3, 3, 3, 3, 3)
(3, 3, 3, 3, 3, 3, 3)
(3, 3, 3, 3, 3, 3, 3)
(3, 3, 3, 3, 3, 3, 3)
(3, 3, 3, 3, 3, 3, 3)
(3, 3, 3, 3, 3, 3, 3)
(3, 3, 3, 3, 3, 3, 3)
(3, 3, 3, 3, 3, 3, 3)
(3, 3, 3, 3, 3, 3, 3)
(3, 3, 3, 3, 3, 3, 3)
(3, 3, 3, 3, 3, 3, 3)
(3, 3, 3, 3, 3, 3, 3)
(3, 3, 3, 3, 3, 3, 3)
(3, 3, 3, 3, 3, 3, 3)
(3, 3, 3, 3, 3, 3, 3)
(3, 3, 3, 3, 3, 3, 3)
(3, 3, 3, 3, 3, 3, 3)
(3, 3, 3, 3, 3, 3, 3)
(3, 3, 3, 3, 3, 3, 3)
(3, 3, 3, 3, 3, 3, 3)
(3, 3, 3, 3, 3, 3, 3)
(3, 3, 3, 3, 3, 3, 3)
(3, 3, 3, 3, 3, 3, 3)
(3, 3, 3, 3, 3, 3, 3)
(3, 3, 3, 3, 3, 3, 3)
(3, 3, 3, 3, 3, 3, 3)
(3, 3, 3, 3, 3, 3, 3)
(3, 3, 3, 3, 3, 3, 3)
(3, 3, 3, 3, 3, 3, 3)
(3, 3, 3, 3, 3, 3, 3)
(3, 3, 3, 3, 3, 3, 3)
(3, 3, 3, 3, 3, 3, 3)
(3, 3, 3, 3, 3, 3, 3)
(3, 3, 3, 3, 3, 3, 3)
(3, 3, 3, 3, 3, 3, 3)
(3, 3, 3, 3, 3, 3, 3)
(3, 3, 3, 3, 3, 3, 3)
(3, 3, 3, 3, 3, 3, 3)
(3, 3, 3, 3, 3, 3, 3)
(3, 3, 3, 3, 3, 3, 3)
(3, 3, 3, 3, 3, 3, 3)
(3, 3, 3, 3, 3, 3, 3)
(3, 3, 3, 3, 3, 3, 3)
(3, 3, 3, 3, 3, 3, 3)
(3, 3, 3, 3, 3, 3, 3)
(3, 3, 3, 3, 3, 3, 3)
(3, 3, 3, 3, 3, 3, 3)
(3, 3, 3, 3, 3, 3, 3)
(3, 3, 3, 3, 3, 3, 3)
(3, 3, 3, 3, 3, 3, 3)
(3, 3, 3, 3, 3, 3, 3)
(3, 3, 3, 3, 3, 3, 3)
(3, 3, 3, 3, 3, 3, 3)
(3, 3, 3, 3, 3, 3, 3)
(3, 3, 3, 3, 3, 3, 3)
(3, 3, 3, 3, 3, 3, 3)
(3, 3, 3, 3, 3, 3, 3)
(3, 3, 3, 3, 3, 3, 3)
(3, 3, 3, 3, 3, 3, 3)
(3, 3, 3, 3, 3, 3, 3)
(3, 3, 3, 3, 3, 3, 3)
(3, 3, 3, 3, 3, 3, 3)
(3, 3, 3, 3, 3, 3, 3)
(3, 3, 3, 3, 3, 3, 3)
(3, 3, 3, 3, 3, 3, 3)
(3, 3, 3, 3, 3, 3, 3)
(3, 3, 3, 3, 3, 3, 3)
(3, 3, 3, 3, 3, 3, 3)
(3, 3, 3, 3, 3, 3, 3)
(3, 3, 3, 3, 3, 3, 3)
(3, 3, 3, 3, 3, 3, 3)
(3, 3, 3, 3, 3, 3, 3)
(3, 3, 3, 3, 3, 3, 3)
(3, 3, 3, 3, 3, 3, 3)
(3, 3, 3, 3, 3, 3, 3)
(3, 3, 3, 3, 3, 3, 3)
(3, 3, 3, 3, 3, 3, 3)
(3, 3, 3, 3, 3, 3, 3)
(3, 3, 3, 3, 3, 3, 3)
(3, 3, 3, 3, 3, 3, 3)
(3, 3, 3, 3, 3, 3, 3)
(3, 3, 3, 3, 3, 3, 3)
(3, 3, 3, 3, 3, 3, 3)
(3, 3, 3, 3, 3, 3, 3)
(3, 3, 3, 3, 3, 3, 3)
(3, 3, 3, 3, 3, 3, 3)
(3, 3, 3, 3, 3, 3, 3)
(3, 3, 3, 3, 3, 3, 3)
(3, 3, 3, 3, 3, 3, 3)
(3, 3, 3, 3, 3, 3, 3)
(3, 3, 3, 3, 3, 3, 3)
(3, 3, 3, 3, 3, 3, 3)
(3, 3, 3, 3, 3, 3, 3)
(3, 3, 3, 3, 3, 3, 3)
(3, 3, 3, 3, 3, 3, 3)
(3, 3, 3, 3, 3, 3, 3)
(3, 3, 3, 3, 3, 3, 3)
(3, 3, 3, 3, 3, 3, 3)
(3, 3, 3, 3, 3, 3, 3)
(3, 3, 3, 3, 3, 3, 3)
(3, 3, 3, 3, 3, 3, 3)
(3, 3, 3, 3, 3, 3, 3)
(3, 3, 3, 3, 3, 3, 3)
(3, 3, 3, 3, 3, 3, 3)
(3, 3, 3, 3, 3, 3, 3)
(3, 3, 3, 3, 3, 3, 3)
(3, 3, 3, 3, 3, 3, 3)
(3, 3, 3, 3, 3, 3, 3)
(3, 3, 3, 3, 3, 3, 3)
(3, 3, 3, 3, 3, 3, 3)
(3, 3, 3, 3, 3, 3, 3)
(3, 3, 3, 3, 3, 3, 3)
(3, 3, 3, 3, 3, 3, 3)
(3, 3, 3, 3, 3, 3, 3)
(3, 3, 3, 3, 3, 3, 3)
(3, 3, 3, 3, 3, 3, 3)
(3, 3, 3, 3, 3, 3, 3)
(3, 3, 3, 3, 3, 3, 3)
(3, 3, 3, 3, 3, 3, 3)
(3, 3, 3, 3, 3, 3, 3)
(3, 3, 3, 3, 3, 3, 3)
(3, 3, 3, 3, 3, 3, 3)
(3, 3, 3, 3, 3, 3, 3)
(3, 3, 3, 3, 3, 3, 3)
(3, 3, 3, 3, 3, 3, 3)
(3, 3, 3, 3, 3, 3, 3)
(3, 3, 3, 3, 3, 3, 3)
(3, 3, 3, 3, 3, 3, 3)
(3, 3, 3, 3, 3, 3, 3)
(3, 3, 3, 3, 3, 3, 3)
(3, 3, 3, 3, 3, 3, 3)
(3, 3, 3, 3, 3, 3, 3)
(3, 3, 3, 3, 3, 3, 3)
(3, 3, 3, 3, 3, 3, 3)
(3, 3, 3, 3, 3, 3, 3)
(3, 3, 3, 3, 3, 3, 3)
(3, 3, 3, 3, 3, 3, 3)
(3, 3, 3, 3, 3, 3, 3)
(3, 3, 3, 3, 3, 3, 3)
(3, 3, 3, 3, 3, 3, 3)
(3, 3, 3, 3, 3, 3, 3)
(3, 3, 3, 3, 3, 3, 3)
(3, 3, 3, 3, 3, 3, 3)
(3, 3, 3, 3, 3, 3, 3)
(3, 3, 3, 3, 3, 3, 3)
(3, 3, 3, 3, 3, 3, 3)
(3, 3, 3, 3, 3, 3, 3)
(3, 3, 3, 3, 3, 3, 3)
(3, 3, 3, 3, 3, 3, 3)
(3, 3, 3, 3, 3, 3, 3)
(3, 3, 3, 3, 3, 3, 3)
(1, 4, 1, 2, 1, 4, 1)
(4, 1, 2, 1, 4, 1, 2)
(1, 2, 1, 4, 1, 2, 1)
(2, 1, 4, 1, 2, 1, 4)
(1, 4, 1, 2, 1, 4, 2)
(4, 1, 2, 1, 4, 2, 1)
(3, 3, 3, 3, 3, 3, 3)
(3, 3, 3, 3, 3, 3, 3)
(1, 2, 1, 4, 2, 1, 4)
(3, 3, 3, 3, 3, 3, 3)
(3, 3, 3, 3, 3, 3, 3)
(2, 1, 4, 2, 1, 4, 3)
(1, 4, 2, 1, 4, 3, 3)
(4, 2, 1, 4, 3, 3, 3)
(2, 1, 4, 3, 3, 3, 3)
(1, 4, 3, 3, 3, 3, 9)
(4, 3, 3, 3, 3, 9, 9)
(3, 3, 3, 3, 9, 9, 9)
(3, 3, 3, 9, 9, 9, 9)
(3, 3, 9, 9, 9, 9, 9)
(3, 9, 9, 9, 9, 9, 9)
(9, 9, 9, 9, 9, 9, 9)
(9, 9, 9, 9, 9, 9, 9)
(9, 9, 9, 9, 9, 9, 9)
(9, 9, 9, 9, 9, 9, 9)
(9, 9, 9, 9, 9, 9, 9)
(9, 9, 9, 9, 9, 9, 9)
(9, 9, 9, 9, 9, 9, 9)
(9, 9, 9, 9, 9, 9, 9)
(9, 9, 9, 9, 9, 9, 9)
(9, 9, 9, 9, 9, 9, 9)
(9, 9, 9, 9, 9, 9, 9)
(9, 9, 9, 9, 9, 9, 9)
(9, 9, 9, 9, 9, 9, 9)
(9, 9, 9, 9, 9, 9, 9)
(9, 9, 9, 9, 9, 9, 9)
(9, 9, 9, 9, 9, 9, 9)
(9, 9, 9, 9, 9, 9, 9)
(9, 9, 9, 9, 9, 9, 9)
(9, 9, 9, 9, 9, 9, 9)
(9, 9, 9, 9, 9, 9, 9)
(9, 9, 9, 9, 9, 9, 9)
(9, 9, 9, 9, 9, 9, 9)
(9, 9, 9, 9, 9, 9, 9)
(9, 9, 9, 9, 9, 9, 9)
(9, 9, 9, 9, 9, 9, 9)
(9, 9, 9, 9, 9, 9, 9)
(9, 9, 9, 9, 9, 9, 9)
(9, 9, 9, 9, 9, 9, 9)
(9, 9, 9, 9, 9, 9, 9)
(9, 9, 9, 9, 9, 9, 9)
(9, 9, 9, 9, 9, 9, 9)
(9, 9, 9, 9, 9, 9, 9)
(9, 9, 9, 9, 9, 9, 9)
(9, 9, 9, 9, 9, 9, 9)
(9, 9, 9, 9, 9, 9, 9)
(9, 9, 9, 9, 9, 9, 9)
(9, 9, 9, 9, 9, 9, 9)
(9, 9, 9, 9, 9, 9, 9)
(9, 9, 9, 9, 9, 9, 9)
(9, 9, 9, 9, 9, 9, 9)
(9, 9, 9, 9, 9, 9, 9)
(9, 9, 9, 9, 9, 9, 9)
(9, 9, 9, 9, 9, 9, 9)
(9, 9, 9, 9, 9, 9, 9)
(9, 9, 9, 9, 9, 9, 2)
(9, 9, 9, 9, 9, 2, 1)
(9, 9, 9, 9, 2, 1, 15)
(9, 9, 9, 2, 1, 15, 16)
(9, 9, 2, 1, 15, 16, 9)
(9, 2, 1, 15, 16, 9, 9)
(2, 1, 15, 16, 9, 9, 16)
(1, 15, 16, 9, 9, 16, 1)
(15, 16, 9, 9, 16, 1, 1)
(16, 9, 9, 16, 1, 1, 2)
(9, 9, 16, 1, 1, 2, 1)
(3, 3, 3, 4, 7, 3, 3)
(3, 3, 4, 7, 3, 3, 4)
(3, 4, 7, 3, 3, 4, 3)
(9, 16, 1, 1, 2, 1, 3)
(16, 1, 1, 2, 1, 3, 2)
(1, 1, 2, 1, 3, 2, 1)
(3, 3, 3, 4, 6, 3, 3)
(3, 3, 4, 6, 3, 3, 4)
(3, 4, 6, 3, 3, 4, 3)
(1, 2, 1, 3, 2, 1, 3)
(2, 1, 3, 2, 1, 3, 2)
(1, 3, 2, 1, 3, 2, 1)
(3, 3, 3, 3, 3, 3, 3)
(3, 3, 3, 3, 3, 3, 4)
(3, 3, 3, 3, 3, 4, 3)
(3, 2, 1, 3, 2, 1, 3)
(2, 1, 3, 2, 1, 3, 2)
(1, 3, 2, 1, 3, 2, 1)
(3, 2, 1, 3, 2, 1, 15)
(8, 8, 9, 10, 7, 3, 3)
(8, 9, 10, 7, 3, 3, 3)
(2, 1, 3, 2, 1, 15, 3)
(4, 7, 3, 3, 4, 3, 3)
(7, 3, 3, 4, 3, 3, 4)
(3, 3, 4, 3, 3, 4, 4)
(3, 4, 3, 3, 4, 4, 3)
(1, 3, 2, 1, 15, 3, 3)
(3, 2, 1, 15, 3, 3, 4)
(2, 1, 15, 3, 3, 4, 12)
(1, 15, 3, 3, 4, 12, 2)
(15, 3, 3, 4, 12, 2, 1)
(3, 3, 4, 12, 2, 1, 15)
(3, 4, 12, 2, 1, 15, 2)
(4, 12, 2, 1, 15, 2, 5)
(12, 2, 1, 15, 2, 5, 2)
(2, 1, 15, 2, 5, 2, 6)
(1, 15, 2, 5, 2, 6, 7)
(15, 2, 5, 2, 6, 7, 6)
(2, 5, 2, 6, 7, 6, 5)
(5, 2, 6, 7, 6, 5, 2)
(2, 6, 7, 6, 5, 2, 6)
(6, 7, 6, 5, 2, 6, 7)
(7, 6, 5, 2, 6, 7, 6)
(6, 5, 2, 6, 7, 6, 2)
(5, 2, 6, 7, 6, 2, 5)
(2, 6, 7, 6, 2, 5, 2)
(6, 7, 6, 2, 5, 2, 6)
(7, 6, 2, 5, 2, 6, 7)
(6, 2, 5, 2, 6, 7, 6)
(2, 5, 2, 6, 7, 6, 5)
(5, 2, 6, 7, 6, 5, 2)
(2, 6, 7, 6, 5, 2, 6)
(6, 7, 6, 5, 2, 6, 7)
(7, 6, 5, 2, 6, 7, 6)
(6, 5, 2, 6, 7, 6, 5)
(5, 2, 6, 7, 6, 5, 2)
(2, 6, 7, 6, 5, 2, 6)
(6, 7, 6, 5, 2, 6, 7)
(7, 6, 5, 2, 6, 7, 6)
(6, 5, 2, 6, 7, 6, 5)
(5, 2, 6, 7, 6, 5, 2)
(3, 29, 3, 3, 3, 3, 3)
(3, 4, 3, 3, 3, 3, 3)
(29, 3, 3, 3, 3, 3, 3)
(3, 3, 3, 3, 3, 3, 3)
(3, 3, 3, 3, 3, 3, 3)
(5, 3, 3, 3, 3, 3, 3)
(3, 3, 3, 3, 3, 3, 3)
(4, 3, 3, 3, 3, 3, 3)
(3, 3, 3, 3, 3, 3, 3)
(3, 3, 3, 3, 3, 3, 3)
(3, 3, 3, 3, 3, 3, 3)
(3, 3, 3, 3, 3, 3, 3)
(3, 3, 3, 3, 3, 3, 3)
(3, 3, 3, 3, 3, 3, 3)
(3, 3, 3, 3, 3, 3, 4)
(3, 3, 3, 3, 3, 4, 3)
(2, 1, 3, 3, 3, 3, 2)
(1, 3, 3, 3, 3, 2, 1)
(3, 3, 3, 3, 3, 3, 3)
(3, 3, 3, 3, 3, 3, 3)
(3, 3, 3, 3, 3, 3, 3)
(3, 3, 3, 3, 3, 3, 3)
(3, 3, 3, 3, 2, 1, 3)
(3, 3, 3, 3, 4, 3, 3)
(3, 3, 3, 3, 3, 3, 3)
(3, 3, 3, 4, 3, 3, 3)
(3, 3, 3, 3, 3, 3, 3)
(3, 3, 3, 3, 3, 3, 3)
(3, 3, 3, 3, 3, 3, 3)
(3, 3, 3, 2, 1, 3, 3)
(3, 3, 3, 3, 3, 3, 3)
(3, 3, 2, 1, 3, 3, 3)
(3, 2, 1, 3, 3, 3, 3)
(3, 3, 3, 3, 3, 3, 3)
(3, 3, 3, 3, 3, 3, 3)
(2, 1, 3, 3, 3, 3, 3)
(1, 3, 3, 3, 3, 3, 3)
(3, 3, 3, 3, 3, 3, 3)
(3, 3, 3, 3, 3, 3, 3)
(3, 3, 4, 3, 3, 3, 3)
(3, 3, 3, 3, 3, 3, 3)
(3, 3, 3, 3, 3, 3, 3)
(3, 3, 3, 3, 3, 3, 3)
(3, 3, 3, 3, 3, 3, 3)
(3, 3, 3, 3, 3, 3, 3)
(3, 3, 3, 3, 3, 3, 3)
(3, 3, 3, 3, 3, 3, 3)
(3, 3, 3, 3, 3, 3, 3)
(3, 3, 3, 3, 3, 3, 4)
(3, 3, 3, 3, 3, 4, 7)
(3, 3, 3, 3, 4, 7, 3)
(3, 3, 3, 3, 3, 3, 3)
(3, 3, 3, 3, 3, 3, 9)
(3, 3, 3, 3, 3, 9, 9)
(3, 3, 3, 3, 9, 9, 9)
(3, 3, 3, 9, 9, 9, 9)
(3, 3, 9, 9, 9, 9, 2)
(3, 9, 9, 9, 9, 2, 1)
(9, 9, 9, 9, 2, 1, 4)
(3, 3, 3, 3, 3, 3, 3)
(3, 3, 3, 3, 3, 3, 3)
(9, 9, 9, 2, 1, 4, 3)
(3, 4, 3, 3, 3, 3, 3)
(4, 3, 3, 3, 3, 3, 3)
(9, 9, 2, 1, 4, 3, 3)
(3, 3, 3, 3, 3, 3, 3)
(3, 3, 3, 3, 3, 3, 3)
(9, 2, 1, 4, 3, 3, 3)
(3, 3, 3, 4, 7, 3, 3)
(3, 3, 4, 7, 3, 3, 3)
(2, 1, 4, 3, 3, 3, 3)
(3, 3, 3, 3, 3, 3, 3)
(3, 3, 3, 3, 3, 3, 3)
(1, 4, 3, 3, 3, 3, 3)
(3, 3, 3, 3, 3, 3, 3)
(3, 3, 3, 3, 3, 3, 3)
(4, 3, 3, 3, 3, 3, 3)
(3, 3, 3, 3, 3, 3, 3)
(3, 3, 3, 3, 3, 3, 3)
(3, 3, 3, 3, 3, 3, 3)
(3, 4, 7, 3, 3, 3, 3)
(4, 7, 3, 3, 3, 3, 3)
(3, 3, 3, 3, 3, 3, 3)
(3, 3, 3, 3, 3, 3, 3)
(3, 3, 3, 3, 3, 3, 3)
(3, 3, 3, 3, 3, 3, 3)
(3, 3, 3, 3, 3, 3, 3)
(3, 3, 3, 3, 3, 3, 3)
(3, 3, 3, 3, 3, 3, 3)
(3, 3, 3, 3, 3, 3, 3)
(3, 3, 3, 3, 3, 3, 3)
(3, 3, 3, 3, 3, 3, 3)
(7, 3, 3, 3, 3, 3, 3)
(3, 3, 3, 3, 3, 3, 3)
(3, 3, 3, 3, 3, 3, 3)
(3, 3, 3, 3, 3, 3, 3)
(3, 3, 3, 3, 3, 3, 3)
(3, 3, 3, 3, 3, 3, 3)
(3, 3, 3, 3, 3, 3, 3)
(3, 3, 3, 3, 3, 3, 3)
(3, 3, 3, 3, 3, 3, 3)
(3, 3, 3, 3, 3, 3, 3)
(3, 3, 3, 3, 3, 3, 3)
(3, 3, 3, 3, 3, 3, 3)
(3, 3, 3, 3, 3, 3, 3)
(3, 3, 3, 3, 3, 3, 3)
(3, 3, 3, 3, 3, 3, 3)
(3, 3, 3, 3, 3, 3, 14)
(3, 3, 3, 3, 3, 14, 14)
(3, 3, 3, 3, 14, 14, 14)
(3, 3, 3, 14, 14, 14, 14)
(3, 3, 14, 14, 14, 14, 14)
(3, 14, 14, 14, 14, 14, 14)
(14, 14, 14, 14, 14, 14, 14)
(14, 14, 14, 14, 14, 14, 14)
(14, 14, 14, 14, 14, 14, 14)
(14, 14, 14, 14, 14, 14, 14)
(14, 14, 14, 14, 14, 14, 14)
(14, 14, 14, 14, 14, 14, 14)
(14, 14, 14, 14, 14, 14, 14)
(14, 14, 14, 14, 14, 14, 14)
(14, 14, 14, 14, 14, 14, 14)
(14, 14, 14, 14, 14, 14, 14)
(14, 14, 14, 14, 14, 14, 14)
(14, 14, 14, 14, 14, 14, 14)
(14, 14, 14, 14, 14, 14, 14)
(14, 14, 14, 14, 14, 14, 14)
(14, 14, 14, 14, 14, 14, 14)
(14, 14, 14, 14, 14, 14, 14)
(14, 14, 14, 14, 14, 14, 14)
(14, 14, 14, 14, 14, 14, 14)
(14, 14, 14, 14, 14, 14, 14)
(14, 14, 14, 14, 14, 14, 14)
(14, 14, 14, 14, 14, 14, 14)
(14, 14, 14, 14, 14, 14, 14)
(14, 14, 14, 14, 14, 14, 14)
(14, 14, 14, 14, 14, 14, 14)
(14, 14, 14, 14, 14, 14, 14)
(14, 14, 14, 14, 14, 14, 14)
(3, 3, 3, 3, 3, 3, 3)
(3, 3, 3, 3, 3, 3, 3)
(14, 14, 14, 14, 14, 14, 3)
(3, 3, 3, 3, 3, 3, 3)
(3, 3, 3, 3, 3, 3, 3)
(14, 14, 14, 14, 14, 3, 3)
(3, 3, 3, 3, 3, 3, 3)
(3, 3, 3, 3, 3, 3, 3)
(14, 14, 14, 14, 3, 3, 3)
(3, 3, 3, 3, 3, 3, 3)
(3, 3, 3, 3, 3, 3, 3)
(14, 14, 14, 3, 3, 3, 3)
(3, 3, 3, 3, 3, 3, 3)
(3, 3, 3, 3, 3, 3, 3)
(14, 14, 3, 3, 3, 3, 3)
(3, 3, 3, 3, 3, 3, 3)
(3, 3, 3, 3, 3, 3, 3)
(14, 3, 3, 3, 3, 3, 3)
(3, 3, 3, 3, 3, 3, 3)
(3, 3, 3, 3, 3, 3, 3)
(3, 3, 3, 3, 3, 3, 3)
(3, 3, 3, 3, 3, 3, 3)
(3, 3, 3, 3, 3, 3, 3)
(3, 3, 3, 3, 3, 3, 3)
(3, 3, 3, 3, 3, 3, 3)
(3, 3, 3, 3, 3, 3, 3)
(3, 3, 3, 3, 3, 3, 3)
(3, 3, 3, 3, 3, 3, 3)
(3, 3, 3, 3, 3, 3, 3)
(3, 3, 3, 3, 3, 3, 3)
(3, 3, 3, 3, 3, 3, 3)
(3, 3, 3, 3, 3, 3, 3)
(3, 3, 3, 3, 3, 3, 3)
(3, 3, 3, 3, 3, 3, 3)
(3, 3, 3, 3, 3, 3, 3)
(3, 3, 3, 3, 3, 3, 3)
(3, 3, 3, 3, 3, 3, 3)
(3, 3, 3, 3, 3, 3, 3)
(3, 3, 3, 3, 3, 3, 3)
(3, 3, 3, 3, 3, 3, 3)
(3, 3, 3, 3, 3, 3, 3)
(3, 3, 3, 3, 3, 3, 3)
(3, 3, 3, 3, 3, 3, 3)
(3, 3, 3, 3, 3, 3, 3)
(3, 3, 3, 3, 3, 3, 3)
(3, 3, 3, 3, 3, 3, 14)
(3, 3, 3, 3, 3, 14, 14)
(3, 3, 3, 3, 14, 14, 14)
(3, 3, 3, 14, 14, 14, 14)
(3, 3, 14, 14, 14, 14, 14)
(3, 14, 14, 14, 14, 14, 14)
(14, 14, 14, 14, 14, 14, 14)
(14, 14, 14, 14, 14, 14, 14)
(14, 14, 14, 14, 14, 14, 14)
(14, 14, 14, 14, 14, 14, 14)
(14, 14, 14, 14, 14, 14, 14)
(14, 14, 14, 14, 14, 14, 14)
(14, 14, 14, 14, 14, 14, 14)
(14, 14, 14, 14, 14, 14, 14)
(14, 14, 14, 14, 14, 14, 9)
(14, 14, 14, 14, 14, 9, 9)
(3, 3, 3, 3, 3, 3, 3)
(14, 14, 14, 14, 9, 9, 14)
(14, 14, 14, 9, 9, 14, 14)
(14, 14, 9, 9, 14, 14, 14)
(14, 9, 9, 14, 14, 14, 14)
(9, 9, 14, 14, 14, 14, 14)
(9, 14, 14, 14, 14, 14, 14)
(14, 14, 14, 14, 14, 14, 14)
(14, 14, 14, 14, 14, 14, 14)
(14, 14, 14, 14, 14, 14, 14)
(14, 14, 14, 14, 14, 14, 14)
(14, 14, 14, 14, 14, 14, 14)
(14, 14, 14, 14, 14, 14, 14)
(14, 14, 14, 14, 14, 14, 14)
(14, 14, 14, 14, 14, 14, 14)
(14, 14, 14, 14, 14, 14, 14)
(14, 14, 14, 14, 14, 14, 14)
(3, 3, 3, 3, 3, 3, 3)
(14, 14, 14, 14, 14, 14, 3)
(14, 14, 14, 14, 14, 3, 14)
(3, 3, 3, 3, 3, 3, 3)
(3, 3, 3, 3, 3, 3, 3)
(14, 14, 14, 14, 3, 14, 3)
(3, 3, 3, 3, 3, 3, 3)
(3, 3, 3, 3, 3, 3, 3)
(3, 3, 3, 3, 3, 3, 3)
(14, 14, 14, 3, 14, 3, 3)
(3, 3, 3, 3, 3, 3, 3)
(14, 14, 3, 14, 3, 3, 3)
(3, 3, 3, 3, 3, 3, 3)
(14, 3, 14, 3, 3, 3, 3)
(3, 3, 3, 3, 3, 3, 3)
(3, 14, 3, 3, 3, 3, 3)
(3, 3, 3, 3, 3, 3, 3)
(3, 3, 3, 3, 3, 3, 3)
(3, 3, 3, 3, 3, 3, 3)
(14, 3, 3, 3, 3, 3, 3)
(3, 3, 3, 3, 3, 3, 3)
(3, 3, 3, 3, 3, 3, 3)
(3, 3, 3, 3, 3, 3, 4)
(3, 3, 3, 3, 3, 4, 6)
(3, 3, 3, 3, 4, 6, 3)
(3, 3, 3, 3, 3, 3, 3)
(3, 3, 3, 3, 3, 3, 9)
(3, 3, 3, 3, 3, 9, 9)
(3, 3, 3, 3, 9, 9, 9)
(3, 3, 3, 9, 9, 9, 9)
(3, 3, 9, 9, 9, 9, 9)
(3, 9, 9, 9, 9, 9, 9)
(9, 9, 9, 9, 9, 9, 9)
(9, 9, 9, 9, 9, 9, 9)
(9, 9, 9, 9, 9, 9, 9)
(9, 9, 9, 9, 9, 9, 9)
(9, 9, 9, 9, 9, 9, 9)
(9, 9, 9, 9, 9, 9, 9)
(9, 9, 9, 9, 9, 9, 9)
(9, 9, 9, 9, 9, 9, 9)
(9, 9, 9, 9, 9, 9, 9)
(9, 9, 9, 9, 9, 9, 9)
(9, 9, 9, 9, 9, 9, 9)
(9, 9, 9, 9, 9, 9, 9)
(9, 9, 9, 9, 9, 9, 9)
(9, 9, 9, 9, 9, 9, 9)
(9, 9, 9, 9, 9, 9, 9)
(9, 9, 9, 9, 9, 9, 9)
(9, 9, 9, 9, 9, 9, 9)
(9, 9, 9, 9, 9, 9, 9)
(9, 9, 9, 9, 9, 9, 9)
(9, 9, 9, 9, 9, 9, 9)
(9, 9, 9, 9, 9, 9, 9)
(9, 9, 9, 9, 9, 9, 9)
(9, 9, 9, 9, 9, 9, 9)
(9, 9, 9, 9, 9, 9, 9)
(9, 9, 9, 9, 9, 9, 9)
(9, 9, 9, 9, 9, 9, 9)
(9, 9, 9, 9, 9, 9, 9)
(9, 9, 9, 9, 9, 9, 9)
(9, 9, 9, 9, 9, 9, 9)
(9, 9, 9, 9, 9, 9, 9)
(9, 9, 9, 9, 9, 9, 9)
(9, 9, 9, 9, 9, 9, 9)
(9, 9, 9, 9, 9, 9, 9)
(9, 9, 9, 9, 9, 9, 9)
(9, 9, 9, 9, 9, 9, 9)
(9, 9, 9, 9, 9, 9, 9)
(9, 9, 9, 9, 9, 9, 9)
(9, 9, 9, 9, 9, 9, 9)
(9, 9, 9, 9, 9, 9, 9)
(9, 9, 9, 9, 9, 9, 9)
(9, 9, 9, 9, 9, 9, 9)
(9, 9, 9, 9, 9, 9, 9)
(9, 9, 9, 9, 9, 9, 9)
(9, 9, 9, 9, 9, 9, 9)
(9, 9, 9, 9, 9, 9, 9)
(9, 9, 9, 9, 9, 9, 9)
(9, 9, 9, 9, 9, 9, 9)
(9, 9, 9, 9, 9, 9, 9)
(9, 9, 9, 9, 9, 9, 9)
(9, 9, 9, 9, 9, 9, 9)
(9, 9, 9, 9, 9, 9, 9)
(9, 9, 9, 9, 9, 9, 9)
(9, 9, 9, 9, 9, 9, 9)
(9, 9, 9, 9, 9, 9, 9)
(9, 9, 9, 9, 9, 9, 9)
(9, 9, 9, 9, 9, 9, 9)
(9, 9, 9, 9, 9, 9, 2)
(9, 9, 9, 9, 9, 2, 1)
(3, 3, 3, 3, 3, 3, 3)
(3, 3, 3, 3, 3, 3, 4)
(3, 3, 3, 3, 3, 4, 6)
(3, 3, 3, 3, 4, 6, 3)
(9, 9, 9, 9, 2, 1, 3)
(9, 9, 9, 2, 1, 3, 2)
(9, 9, 2, 1, 3, 2, 7)
(9, 2, 1, 3, 2, 7, 6)
(2, 1, 3, 2, 7, 6, 14)
(3, 3, 3, 3, 3, 3, 3)
(3, 3, 3, 3, 3, 3, 3)
(1, 3, 2, 7, 6, 14, 3)
(3, 3, 3, 3, 3, 3, 3)
(3, 3, 3, 3, 3, 3, 3)
(3, 3, 3, 3, 3, 3, 3)
(3, 3, 3, 3, 3, 3, 3)
(3, 3, 3, 3, 3, 3, 3)
(3, 3, 3, 3, 3, 3, 3)
(3, 3, 3, 3, 3, 3, 3)
(3, 2, 7, 6, 14, 3, 3)
(3, 3, 3, 3, 3, 3, 3)
(2, 7, 6, 14, 3, 3, 3)
(7, 6, 14, 3, 3, 3, 3)
(6, 14, 3, 3, 3, 3, 9)
(14, 3, 3, 3, 3, 9, 9)
(3, 3, 3, 3, 9, 9, 9)
(3, 3, 3, 9, 9, 9, 9)
(3, 3, 9, 9, 9, 9, 9)
(3, 9, 9, 9, 9, 9, 9)
(9, 9, 9, 9, 9, 9, 9)
(9, 9, 9, 9, 9, 9, 9)
(9, 9, 9, 9, 9, 9, 5)
(9, 9, 9, 9, 9, 5, 2)
(9, 9, 9, 9, 5, 2, 6)
(9, 9, 9, 5, 2, 6, 7)
(9, 9, 5, 2, 6, 7, 6)
(9, 5, 2, 6, 7, 6, 5)
(5, 2, 6, 7, 6, 5, 2)
(2, 6, 7, 6, 5, 2, 6)
(6, 7, 6, 5, 2, 6, 7)
