(1, 1, 2, 1, 3, 2, 1)
(1, 2, 1, 3, 2, 1, 3)
(3, 3, 3, 3, 3, 3, 3)
(2, 1, 3, 2, 1, 3, 3)
(1, 3, 2, 1, 3, 3, 3)
(3, 2, 1, 3, 3, 3, 3)
(2, 1, 3, 3, 3, 3, 3)
(3, 4, 3, 3, 3, 3, 4)
(1, 3, 3, 3, 3, 3, 2)
(3, 3, 3, 3, 3, 2, 1)
(4, 3, 3, 3, 3, 4, 3)
(3, 3, 3, 3, 2, 1, 3)
(3, 3, 3, 3, 3, 3, 3)
(3, 3, 3, 3, 3, 3, 3)
(3, 3, 3, 2, 1, 3, 3)
(3, 3, 3, 3, 3, 3, 3)
(3, 3, 2, 1, 3, 3, 3)
(3, 2, 1, 3, 3, 3, 3)
(3, 3, 3, 3, 4, 3, 3)
(3, 3, 3, 4, 3, 3, 3)
(2, 1, 3, 3, 3, 3, 3)
(3, 3, 3, 3, 3, 3, 3)
(3, 3, 3, 3, 3, 3, 3)
(1, 3, 3, 3, 3, 3, 3)
(3, 3, 3, 3, 3, 3, 3)
(3, 3, 3, 3, 3, 3, 4)
(3, 3, 3, 3, 3, 4, 5)
(3, 3, 3, 3, 4, 5, 3)
(3, 3, 3, 3, 3, 3, 3)
(3, 3, 3, 3, 3, 3, 2)
(3, 3, 3, 3, 3, 2, 1)
(3, 3, 3, 3, 2, 1, 3)
(3, 3, 3, 2, 1, 3, 3)
(3, 3, 4, 3, 3, 3, 3)
(3, 4, 3, 3, 3, 3, 3)
(3, 3, 3, 3, 3, 3, 3)
(3, 3, 3, 3, 3, 3, 3)
(3, 3, 2, 1, 3, 3, 3)
(3, 3, 3, 4, 5, 3, 3)
(3, 3, 4, 5, 3, 3, 3)
(4, 3, 3, 3, 3, 3, 3)
(3, 3, 3, 3, 3, 3, 3)
(3, 3, 3, 3, 3, 3, 2)
(3, 3, 3, 3, 3, 2, 4)
(3, 3, 3, 3, 2, 4, 3)
(3, 3, 3, 3, 3, 3, 3)
(3, 2, 1, 3, 3, 3, 2)
(3, 3, 3, 3, 3, 3, 3)
(3, 3, 3, 2, 4, 3, 3)
(3, 3, 3, 3, 3, 3, 3)
(3, 3, 3, 3, 3, 3, 3)
(3, 4, 5, 3, 3, 3, 3)
(4, 5, 3, 3, 3, 3, 3)
(3, 3, 2, 4, 3, 3, 4)
(2, 1, 3, 3, 3, 2, 1)
(3, 2, 4, 3, 3, 4, 2)
(2, 4, 3, 3, 4, 2, 3)
(1, 3, 3, 3, 2, 1, 3)
(3, 3, 3, 2, 1, 3, 3)
(3, 3, 3, 3, 3, 3, 3)
(3, 3, 3, 3, 3, 3, 3)
(3, 3, 3, 3, 3, 3, 3)
(3, 3, 2, 1, 3, 3, 3)
(4, 3, 3, 4, 2, 3, 3)
(3, 2, 1, 3, 3, 3, 3)
(2, 1, 3, 3, 3, 3, 3)
(3, 3, 4, 2, 3, 3, 3)
(1, 3, 3, 3, 3, 3, 3)
(3, 3, 3, 3, 3, 3, 3)
(3, 3, 3, 3, 3, 3, 3)
(5, 3, 3, 3, 3, 3, 3)
(3, 3, 3, 3, 3, 3, 2)
(3, 3, 3, 3, 3, 2, 1)
(3, 3, 3, 3, 3, 3, 3)
(3, 3, 3, 3, 2, 1, 3)
(3, 3, 3, 3, 3, 3, 3)
(3, 3, 3, 3, 3, 3, 3)
(3, 3, 3, 2, 1, 3, 3)
(3, 4, 2, 3, 3, 3, 3)
(4, 2, 3, 3, 3, 3, 3)
(3, 3, 2, 1, 3, 3, 3)
(3, 3, 3, 3, 3, 3, 3)
(3, 3, 3, 3, 3, 3, 3)
(3, 2, 1, 3, 3, 3, 3)
(3, 3, 3, 3, 3, 3, 3)
(3, 3, 3, 3, 3, 3, 3)
(2, 1, 3, 3, 3, 3, 3)
(3, 3, 3, 3, 3, 3, 3)
(3, 3, 3, 3, 3, 3, 3)
(1, 3, 3, 3, 3, 3, 3)
(3, 3, 3, 3, 3, 3, 14)
(3, 3, 3, 3, 3, 14, 14)
(3, 3, 3, 3, 14, 14, 14)
(3, 3, 3, 14, 14, 14, 14)
(3, 3, 14, 14, 14, 14, 14)
(3, 14, 14, 14, 14, 14, 14)
(14, 14, 14, 14, 14, 14, 14)
(14, 14, 14, 14, 14, 14, 14)
(14, 14, 14, 14, 14, 14, 14)
(14, 14, 14, 14, 14, 14, 14)
(14, 14, 14, 14, 14, 14, 14)
(14, 14, 14, 14, 14, 14, 14)
(2, 3, 3, 3, 3, 3, 3)
(3, 3, 3, 3, 3, 3, 4)
(3, 3, 3, 3, 3, 4, 6)
(3, 3, 3, 3, 4, 6, 3)
(14, 14, 14, 14, 14, 14, 3)
(14, 14, 14, 14, 14, 3, 2)
(14, 14, 14, 14, 3, 2, 1)
(14, 14, 14, 3, 2, 1, 5)
(14, 14, 3, 2, 1, 5, 2)
(14, 3, 2, 1, 5, 2, 7)
(3, 3, 3, 3, 3, 3, 3)
(3, 3, 3, 3, 3, 3, 5)
(3, 3, 3, 3, 3, 5, 8)
(3, 3, 3, 3, 5, 8, 8)
(3, 3, 3, 5, 8, 8, 10)
(3, 3, 3, 3, 3, 3, 3)
(3, 3, 5, 8, 8, 10, 7)
(3, 3, 3, 3, 3, 3, 4)
(3, 5, 8, 8, 10, 7, 3)
(3, 2, 1, 5, 2, 7, 3)
(3, 3, 3, 3, 3, 4, 7)
(3, 3, 3, 3, 4, 7, 3)
(2, 1, 5, 2, 7, 3, 3)
(1, 5, 2, 7, 3, 3, 11)
(5, 2, 7, 3, 3, 11, 1)
(2, 7, 3, 3, 11, 1, 1)
(7, 3, 3, 11, 1, 1, 2)
(3, 3, 11, 1, 1, 2, 1)
(3, 3, 3, 4, 7, 3, 3)
(3, 3, 3, 4, 6, 3, 3)
(3, 3, 4, 7, 3, 3, 3)
(3, 3, 4, 6, 3, 3, 3)
(5, 8, 8, 10, 7, 3, 3)
(8, 8, 10, 7, 3, 3, 3)
(3, 3, 3, 3, 3, 3, 3)
(3, 3, 3, 3, 3, 3, 4)
(3, 11, 1, 1, 2, 1, 3)
(11, 1, 1, 2, 1, 3, 3)
(3, 3, 3, 3, 3, 4, 3)
(1, 1, 2, 1, 3, 3, 3)
(3, 3, 3, 3, 4, 3, 3)
(1, 2, 1, 3, 3, 3, 3)
(2, 1, 3, 3, 3, 3, 3)
(1, 3, 3, 3, 3, 3, 2)
(3, 3, 3, 3, 3, 2, 1)
(3, 4, 6, 3, 3, 3, 3)
(4, 6, 3, 3, 3, 3, 3)
(3, 3, 3, 3, 2, 1, 3)
(3, 4, 7, 3, 3, 3, 3)
(4, 7, 3, 3, 3, 3, 3)
(3, 3, 3, 2, 1, 3, 3)
(8, 10, 7, 3, 3, 3, 3)
(10, 7, 3, 3, 3, 3, 3)
(3, 3, 2, 1, 3, 3, 3)
(3, 3, 3, 4, 3, 3, 3)
(3, 3, 4, 3, 3, 3, 3)
(3, 2, 1, 3, 3, 3, 3)
(6, 3, 3, 3, 3, 3, 3)
(3, 3, 3, 3, 3, 3, 3)
(2, 1, 3, 3, 3, 3, 3)
(7, 3, 3, 3, 3, 3, 3)
(3, 3, 3, 3, 3, 3, 3)
(1, 3, 3, 3, 3, 3, 3)
(7, 3, 3, 3, 3, 3, 3)
(3, 3, 3, 3, 3, 3, 4)
(3, 3, 3, 3, 3, 4, 5)
(3, 3, 3, 3, 4, 5, 3)
(3, 3, 3, 3, 3, 3, 3)
(3, 3, 3, 3, 3, 3, 2)
(3, 3, 3, 3, 3, 2, 1)
(3, 4, 3, 3, 3, 3, 3)
(4, 3, 3, 3, 3, 3, 3)
(3, 3, 3, 3, 2, 1, 3)
(3, 3, 3, 3, 3, 3, 3)
(3, 3, 3, 3, 3, 3, 3)
(3, 3, 3, 3, 3, 3, 3)
(3, 3, 3, 3, 3, 3, 3)
(3, 3, 3, 2, 1, 3, 3)
(3, 3, 3, 3, 3, 3, 3)
(3, 3, 3, 4, 5, 3, 3)
(3, 3, 4, 5, 3, 3, 3)
(3, 3, 3, 3, 3, 3, 3)
(3, 3, 3, 3, 3, 3, 2)
(3, 3, 3, 3, 3, 2, 4)
(3, 3, 2, 1, 3, 3, 2)
(3, 2, 1, 3, 3, 2, 1)
(3, 3, 3, 3, 2, 4, 4)
(3, 3, 3, 2, 4, 4, 3)
(3, 3, 3, 3, 3, 3, 3)
(3, 3, 3, 3, 3, 3, 3)
(3, 3, 3, 3, 3, 3, 3)
(3, 3, 3, 3, 3, 3, 3)
(3, 4, 5, 3, 3, 3, 3)
(4, 5, 3, 3, 3, 3, 3)
(2, 1, 3, 3, 2, 1, 2)
(3, 3, 2, 4, 4, 3, 4)
(1, 3, 3, 2, 1, 2, 1)
(3, 2, 4, 4, 3, 4, 2)
(2, 4, 4, 3, 4, 2, 3)
(3, 3, 2, 1, 2, 1, 3)
(3, 2, 1, 2, 1, 3, 3)
(3, 3, 3, 3, 3, 3, 3)
(3, 3, 3, 3, 3, 3, 3)
(3, 3, 3, 3, 3, 3, 3)
(4, 4, 3, 4, 2, 3, 3)
(2, 1, 2, 1, 3, 3, 3)
(1, 2, 1, 3, 3, 3, 3)
(2, 1, 3, 3, 3, 3, 3)
(1, 3, 3, 3, 3, 3, 3)
(3, 3, 3, 3, 3, 3, 3)
(3, 3, 3, 3, 3, 3, 2)
(3, 3, 3, 3, 3, 2, 1)
(5, 3, 3, 3, 3, 3, 3)
(3, 3, 3, 3, 3, 3, 3)
(3, 3, 3, 3, 2, 1, 3)
(4, 3, 4, 2, 3, 3, 3)
(3, 4, 2, 3, 3, 3, 3)
(3, 3, 3, 3, 3, 3, 3)
(3, 3, 3, 3, 3, 3, 3)
(4, 2, 3, 3, 3, 3, 3)
(2, 3, 3, 3, 3, 3, 3)
(3, 3, 3, 2, 1, 3, 3)
(3, 3, 3, 3, 3, 3, 3)
(3, 3, 2, 1, 3, 3, 3)
(3, 3, 3, 3, 3, 3, 3)
(3, 3, 3, 3, 3, 3, 3)
(3, 2, 1, 3, 3, 3, 3)
(3, 3, 3, 3, 3, 3, 3)
(3, 3, 3, 3, 3, 3, 3)
(2, 1, 3, 3, 3, 3, 3)
(3, 3, 3, 3, 3, 3, 3)
(3, 3, 3, 3, 3, 3, 3)
(1, 3, 3, 3, 3, 3, 3)
(3, 3, 3, 3, 3, 3, 14)
(3, 3, 3, 3, 3, 14, 14)
(3, 3, 3, 3, 14, 14, 14)
(3, 3, 3, 14, 14, 14, 14)
(3, 3, 14, 14, 14, 14, 14)
(3, 14, 14, 14, 14, 14, 14)
(14, 14, 14, 14, 14, 14, 14)
(14, 14, 14, 14, 14, 14, 14)
(14, 14, 14, 14, 14, 14, 14)
(14, 14, 14, 14, 14, 14, 14)
(14, 14, 14, 14, 14, 14, 14)
(14, 14, 14, 14, 14, 14, 14)
(3, 3, 3, 3, 3, 3, 3)
(3, 3, 3, 3, 3, 3, 4)
(3, 3, 3, 3, 3, 4, 6)
(3, 3, 3, 3, 4, 6, 3)
(14, 14, 14, 14, 14, 14, 3)
(14, 14, 14, 14, 14, 3, 2)
(14, 14, 14, 14, 3, 2, 1)
(3, 27, 9, 27, 9, 27, 9)
(27, 9, 27, 9, 27, 9, 27)
(9, 27, 9, 27, 9, 27, 9)
(27, 9, 27, 9, 27, 9, 3)
(14, 14, 14, 3, 2, 1, 14)
(14, 14, 3, 2, 1, 14, 3)
(14, 3, 2, 1, 14, 3, 3)
(3, 2, 1, 14, 3, 3, 3)
(2, 1, 14, 3, 3, 3, 3)
(1, 14, 3, 3, 3, 3, 3)
(14, 3, 3, 3, 3, 3, 9)
(3, 3, 3, 3, 3, 9, 9)
(3, 3, 3, 3, 9, 9, 9)
(3, 3, 3, 9, 9, 9, 9)
(3, 3, 9, 9, 9, 9, 5)
(3, 9, 9, 9, 9, 5, 2)
(9, 9, 9, 9, 5, 2, 7)
(3, 3, 3, 3, 3, 3, 3)
(3, 3, 3, 3, 3, 3, 5)
(3, 3, 3, 3, 3, 5, 8)
(3, 3, 3, 3, 5, 8, 8)
(3, 3, 3, 5, 8, 8, 10)
(3, 3, 3, 3, 3, 3, 3)
(3, 3, 5, 8, 8, 10, 7)
(3, 5, 8, 8, 10, 7, 3)
(3, 3, 3, 3, 3, 3, 4)
(3, 3, 3, 3, 3, 4, 7)
(3, 3, 3, 3, 4, 7, 3)
(9, 9, 9, 5, 2, 7, 3)
(9, 9, 5, 2, 7, 3, 3)
(5, 8, 8, 10, 7, 3, 3)
(8, 8, 10, 7, 3, 3, 3)
(9, 5, 2, 7, 3, 3, 3)
(5, 2, 7, 3, 3, 3, 3)
(2, 7, 3, 3, 3, 3, 3)
(7, 3, 3, 3, 3, 3, 11)
(3, 3, 3, 3, 3, 3, 3)
(3, 3, 3, 4, 7, 3, 3)
(3, 3, 3, 3, 3, 3, 4)
(3, 3, 3, 3, 3, 11, 3)
(3, 3, 3, 3, 3, 4, 7)
(3, 3, 3, 3, 4, 7, 3)
(3, 3, 3, 3, 11, 3, 3)
(3, 3, 3, 11, 3, 3, 11)
(3, 3, 11, 3, 3, 11, 1)
(3, 11, 3, 3, 11, 1, 1)
(11, 3, 3, 11, 1, 1, 2)
(3, 3, 11, 1, 1, 2, 1)
(3, 3, 3, 4, 6, 3, 3)
(3, 3, 4, 6, 3, 3, 4)
(3, 4, 6, 3, 3, 4, 3)
(3, 11, 1, 1, 2, 1, 3)
(11, 1, 1, 2, 1, 3, 2)
(1, 1, 2, 1, 3, 2, 1)
(3, 3, 4, 7, 3, 3, 3)
(3, 4, 7, 3, 3, 3, 3)
(8, 10, 7, 3, 3, 3, 3)
(10, 7, 3, 3, 3, 3, 3)
(3, 3, 3, 4, 7, 3, 3)
(3, 3, 4, 7, 3, 3, 3)
(4, 6, 3, 3, 4, 3, 3)
(6, 3, 3, 4, 3, 3, 3)
(3, 4, 7, 3, 3, 3, 3)
(3, 3, 4, 3, 3, 3, 3)
(4, 7, 3, 3, 3, 3, 3)
(1, 2, 1, 3, 2, 1, 3)
(7, 3, 3, 3, 3, 3, 3)
(2, 1, 3, 2, 1, 3, 3)
(3, 4, 3, 3, 3, 3, 3)
(1, 3, 2, 1, 3, 3, 3)
(3, 2, 1, 3, 3, 3, 3)
(4, 7, 3, 3, 3, 3, 3)
(7, 3, 3, 3, 3, 3, 4)
(2, 1, 3, 3, 3, 3, 2)
(1, 3, 3, 3, 3, 2, 1)
(3, 3, 3, 3, 3, 4, 3)
(3, 3, 3, 3, 2, 1, 3)
(7, 3, 3, 3, 3, 3, 3)
(3, 3, 3, 3, 3, 3, 3)
(3, 3, 3, 2, 1, 3, 3)
(3, 3, 3, 3, 3, 3, 3)
(3, 3, 3, 3, 3, 3, 3)
(3, 3, 2, 1, 3, 3, 3)
(4, 3, 3, 3, 3, 3, 3)
(3, 3, 3, 3, 3, 3, 3)
(3, 2, 1, 3, 3, 3, 3)
(3, 3, 3, 3, 4, 3, 3)
(3, 3, 3, 4, 3, 3, 3)
(2, 1, 3, 3, 3, 3, 3)
(3, 3, 3, 3, 3, 3, 3)
(3, 3, 3, 3, 3, 3, 3)
(1, 3, 3, 3, 3, 3, 3)
(3, 3, 3, 3, 3, 3, 3)
(3, 3, 3, 3, 3, 3, 4)
(3, 3, 3, 3, 3, 4, 5)
(3, 3, 3, 3, 4, 5, 3)
(3, 3, 3, 3, 3, 3, 3)
(3, 3, 3, 3, 3, 3, 2)
(3, 3, 3, 3, 3, 2, 1)
(3, 3, 3, 3, 3, 3, 3)
(3, 3, 3, 3, 3, 3, 3)
(3, 3, 3, 3, 2, 1, 3)
(3, 3, 3, 2, 1, 3, 3)
(3, 3, 4, 3, 3, 3, 3)
(3, 4, 3, 3, 3, 3, 3)
(3, 3, 3, 3, 3, 3, 3)
(3, 3, 3, 3, 3, 3, 3)
(3, 3, 3, 4, 5, 3, 3)
(3, 3, 4, 5, 3, 3, 3)
(3, 3, 2, 1, 3, 3, 3)
(3, 3, 3, 3, 3, 3, 3)
(3, 3, 3, 3, 3, 3, 2)
(3, 3, 3, 3, 3, 2, 3)
(4, 3, 3, 3, 3, 3, 3)
(3, 3, 3, 3, 2, 3, 4)
(3, 3, 3, 2, 3, 4, 3)
(3, 2, 1, 3, 3, 3, 2)
(2, 1, 3, 3, 3, 2, 1)
(3, 3, 3, 3, 3, 3, 3)
(3, 3, 3, 3, 3, 3, 3)
(3, 4, 5, 3, 3, 3, 3)
(3, 3, 2, 3, 4, 3, 4)
(3, 2, 3, 4, 3, 4, 3)
(3, 3, 3, 3, 3, 3, 3)
(3, 3, 3, 3, 3, 3, 3)
(1, 3, 3, 3, 2, 1, 2)
(4, 5, 3, 3, 3, 3, 3)
(5, 3, 3, 3, 3, 3, 4)
(2, 3, 4, 3, 4, 3, 3)
(3, 3, 3, 2, 1, 2, 1)
(3, 3, 3, 3, 3, 4, 2)
(3, 3, 3, 3, 4, 2, 3)
(3, 3, 2, 1, 2, 1, 3)
(3, 2, 1, 2, 1, 3, 3)
(3, 3, 3, 3, 3, 3, 3)
(3, 3, 3, 3, 3, 3, 3)
(3, 3, 3, 3, 3, 3, 3)
(2, 1, 2, 1, 3, 3, 3)
(3, 4, 3, 4, 3, 3, 3)
(1, 2, 1, 3, 3, 3, 3)
(2, 1, 3, 3, 3, 3, 3)
(1, 3, 3, 3, 3, 3, 3)
(3, 3, 3, 3, 3, 3, 3)
(3, 3, 3, 3, 3, 3, 3)
(3, 3, 3, 3, 3, 3, 2)
(3, 3, 3, 3, 3, 2, 1)
(3, 3, 3, 4, 2, 3, 3)
(3, 3, 4, 2, 3, 3, 3)
(3, 3, 3, 3, 2, 1, 3)
(4, 3, 4, 3, 3, 3, 3)
(3, 4, 3, 3, 3, 3, 3)
(3, 3, 3, 2, 1, 3, 3)
(3, 3, 3, 3, 3, 3, 3)
(3, 3, 3, 3, 3, 3, 3)
(3, 3, 2, 1, 3, 3, 3)
(3, 3, 3, 3, 3, 3, 3)
(3, 3, 3, 3, 3, 3, 3)
(3, 2, 1, 3, 3, 3, 3)
(2, 1, 3, 3, 3, 3, 3)
(3, 3, 3, 27, 9, 27, 9)
(1, 3, 3, 3, 3, 3, 3)
(3, 3, 27, 9, 27, 9, 3)
(3, 27, 9, 27, 9, 3, 27)
(27, 9, 27, 9, 3, 27, 9)
(9, 27, 9, 3, 27, 9, 27)
(27, 9, 3, 27, 9, 27, 9)
(9, 3, 27, 9, 27, 9, 3)
(3, 3, 3, 3, 3, 3, 14)
(3, 3, 3, 3, 3, 14, 3)
(3, 3, 3, 3, 14, 3, 3)
(3, 3, 3, 3, 3, 3, 3)
(3, 3, 3, 14, 3, 3, 3)
(3, 3, 3, 3, 3, 3, 3)
(3, 3, 14, 3, 3, 3, 3)
(3, 14, 3, 3, 3, 3, 3)
(14, 3, 3, 3, 3, 3, 3)
(3, 3, 3, 3, 3, 3, 3)
(3, 3, 3, 3, 3, 3, 9)
(3, 3, 3, 3, 3, 9, 9)
(3, 3, 3, 3, 9, 9, 9)
(3, 4, 2, 3, 3, 3, 3)
(3, 3, 3, 9, 9, 9, 9)
(4, 2, 3, 3, 3, 3, 3)
(3, 3, 9, 9, 9, 9, 3)
(4, 3, 3, 3, 3, 3, 3)
(3, 3, 3, 3, 3, 3, 3)
(3, 9, 9, 9, 9, 3, 3)
(9, 9, 9, 9, 3, 3, 14)
(9, 9, 9, 3, 3, 14, 14)
(9, 9, 3, 3, 14, 14, 14)
(9, 3, 3, 14, 14, 14, 14)
(3, 3, 14, 14, 14, 14, 14)
(3, 14, 14, 14, 14, 14, 14)
(14, 14, 14, 14, 14, 14, 14)
(14, 14, 14, 14, 14, 14, 14)
(14, 14, 14, 14, 14, 14, 14)
(14, 14, 14, 14, 14, 14, 14)
(14, 14, 14, 14, 14, 14, 14)
(14, 14, 14, 14, 14, 14, 14)
(3, 3, 3, 3, 3, 3, 3)
(3, 3, 3, 3, 3, 3, 4)
(3, 3, 3, 3, 3, 4, 6)
(3, 3, 3, 3, 4, 6, 3)
(14, 14, 14, 14, 14, 14, 3)
(14, 14, 14, 14, 14, 3, 2)
(14, 14, 14, 14, 3, 2, 1)
(14, 14, 14, 3, 2, 1, 5)
(14, 14, 3, 2, 1, 5, 2)
(3, 3, 3, 3, 3, 3, 3)
(14, 3, 2, 1, 5, 2, 7)
(3, 3, 3, 3, 3, 3, 5)
(3, 3, 3, 3, 3, 5, 8)
(3, 3, 3, 3, 5, 8, 8)
(3, 3, 3, 5, 8, 8, 10)
(3, 3, 5, 8, 8, 10, 7)
(3, 2, 1, 5, 2, 7, 6)
(2, 1, 5, 2, 7, 6, 6)
(1, 5, 2, 7, 6, 6, 37)
(5, 2, 7, 6, 6, 37, 6)
(2, 7, 6, 6, 37, 6, 5)
(7, 6, 6, 37, 6, 5, 38)
(6, 6, 37, 6, 5, 38, 7)
(6, 37, 6, 5, 38, 7, 6)
(37, 6, 5, 38, 7, 6, 6)
(6, 5, 38, 7, 6, 6, 37)
(5, 38, 7, 6, 6, 37, 6)
(38, 7, 6, 6, 37, 6, 5)
(7, 6, 6, 37, 6, 5, 38)
(6, 6, 37, 6, 5, 38, 7)
(6, 37, 6, 5, 38, 7, 6)
(37, 6, 5, 38, 7, 6, 6)
(6, 5, 38, 7, 6, 6, 37)
(5, 38, 7, 6, 6, 37, 6)
(38, 7, 6, 6, 37, 6, 5)
(7, 6, 6, 37, 6, 5, 38)
(6, 6, 37, 6, 5, 38, 7)
(9, 27, 9, 27, 9, 3, 3)
(27, 9, 27, 9, 3, 3, 27)
(9, 27, 9, 3, 3, 27, 9)
(27, 9, 3, 3, 27, 9, 27)
(9, 3, 3, 27, 9, 27, 9)
(3, 3, 27, 9, 27, 9, 27)
(3, 27, 9, 27, 9, 27, 9)
(27, 9, 27, 9, 27, 9, 27)
(9, 27, 9, 27, 9, 27, 9)
(27, 9, 27, 9, 27, 9, 3)
(6, 37, 6, 5, 38, 7, 14)
(37, 6, 5, 38, 7, 14, 3)
(3, 27, 9, 27, 9, 3, 3)
(27, 9, 27, 9, 3, 3, 3)
(6, 5, 38, 7, 14, 3, 3)
(3, 3, 3, 3, 3, 3, 3)
(3, 3, 3, 3, 3, 3, 3)
(3, 3, 3, 3, 3, 3, 3)
(5, 38, 7, 14, 3, 3, 3)
(38, 7, 14, 3, 3, 3, 3)
(3, 3, 3, 3, 3, 3, 3)
(3, 3, 3, 3, 3, 3, 3)
(7, 14, 3, 3, 3, 3, 3)
(14, 3, 3, 3, 3, 3, 9)
(3, 3, 3, 3, 3, 9, 9)
(3, 3, 3, 3, 9, 9, 9)
(3, 3, 3, 9, 9, 9, 9)
(3, 3, 9, 9, 9, 9, 6)
(3, 9, 9, 9, 9, 6, 6)
(9, 9, 9, 9, 6, 6, 37)
(9, 9, 9, 6, 6, 37, 6)
(9, 9, 6, 6, 37, 6, 5)
(9, 6, 6, 37, 6, 5, 38)
(6, 6, 37, 6, 5, 38, 7)
(6, 37, 6, 5, 38, 7, 6)
(37, 6, 5, 38, 7, 6, 6)
(6, 5, 38, 7, 6, 6, 4)
(5, 38, 7, 6, 6, 4, 4)
(38, 7, 6, 6, 4, 4, 2)
(7, 6, 6, 4, 4, 2, 1)
(6, 6, 4, 4, 2, 1, 3)
(3, 3, 3, 3, 3, 3, 3)
(3, 3, 3, 3, 3, 3, 3)
(3, 3, 3, 4, 6, 3, 3)
(3, 3, 4, 6, 3, 3, 3)
(2, 3, 3, 3, 3, 3, 3)
(3, 3, 3, 3, 3, 3, 3)
(3, 5, 8, 8, 10, 7, 3)
(5, 8, 8, 10, 7, 3, 3)
