(3, 3, 3, 27, 9, 3, 27)
(3, 3, 27, 9, 3, 27, 9)
(3, 27, 9, 3, 3, 27, 9)
(3, 27, 9, 3, 27, 9, 27)
(27, 9, 3, 3, 27, 9, 27)
(3, 27, 9, 27, 9, 27, 9)
(27, 9, 3, 27, 9, 27, 9)
(9, 3, 3, 27, 9, 27, 9)
(9, 3, 27, 9, 27, 9, 27)
(3, 3, 27, 9, 27, 9, 27)
(27, 9, 27, 9, 27, 9, 27)
(3, 3, 3, 3, 3, 3, 3)
(3, 27, 9, 27, 9, 27, 9)
(3, 27, 9, 27, 9, 27, 9)
(9, 27, 9, 27, 9, 27, 9)
(2, 1, 3, 3, 3, 3, 3)
(27, 9, 27, 9, 27, 9, 27)
(27, 9, 27, 9, 27, 9, 27)
(27, 9, 27, 9, 27, 9, 27)
(9, 27, 9, 27, 9, 27, 9)
(9, 27, 9, 27, 9, 27, 9)
(27, 9, 27, 9, 27, 9, 3)
(9, 27, 9, 27, 9, 27, 9)
(27, 9, 27, 9, 27, 9, 3)
(9, 27, 9, 27, 9, 3, 3)
(9, 27, 9, 27, 9, 3, 3)
(27, 9, 27, 9, 3, 3, 3)
(27, 9, 27, 9, 27, 9, 27)
(9, 27, 9, 27, 9, 27, 9)
(27, 9, 27, 9, 27, 9, 3)
(1, 3, 3, 3, 3, 3, 14)
(3, 3, 3, 3, 3, 14, 3)
(3, 3, 3, 3, 14, 3, 3)
(3, 3, 3, 14, 3, 3, 3)
(3, 3, 14, 3, 3, 3, 3)
(9, 27, 9, 27, 9, 3, 3)
(27, 9, 27, 9, 3, 3, 3)
(9, 27, 9, 3, 3, 3, 3)
(3, 14, 3, 3, 3, 3, 3)
(9, 27, 9, 3, 3, 3, 3)
(27, 9, 3, 3, 3, 3, 3)
(9, 3, 3, 3, 3, 3, 3)
(14, 3, 3, 3, 3, 3, 3)
(3, 3, 3, 3, 3, 3, 3)
(27, 9, 3, 3, 3, 3, 3)
(3, 3, 3, 3, 3, 3, 3)
(3, 3, 3, 3, 3, 3, 3)
(3, 3, 3, 3, 3, 3, 3)
(3, 3, 3, 3, 3, 3, 3)
(3, 3, 3, 3, 3, 3, 9)
(3, 3, 3, 3, 3, 9, 23)
(3, 3, 3, 3, 9, 23, 24)
(3, 3, 3, 9, 23, 24, 3)
(9, 3, 3, 3, 3, 3, 3)
(3, 3, 3, 3, 3, 3, 3)
(3, 3, 3, 3, 3, 3, 3)
(3, 3, 3, 3, 3, 3, 9)
(3, 3, 3, 3, 3, 9, 9)
(3, 3, 3, 3, 9, 9, 9)
(3, 3, 3, 9, 9, 9, 9)
(3, 3, 9, 9, 9, 9, 9)
(3, 9, 9, 9, 9, 9, 9)
(9, 9, 9, 9, 9, 9, 9)
(9, 9, 9, 9, 9, 9, 9)
(9, 9, 9, 9, 9, 9, 9)
(9, 9, 9, 9, 9, 9, 9)
(9, 9, 9, 9, 9, 9, 9)
(9, 9, 9, 9, 9, 9, 9)
(9, 9, 9, 9, 9, 9, 9)
(9, 9, 9, 9, 9, 9, 9)
(9, 9, 9, 9, 9, 9, 9)
(3, 3, 3, 3, 3, 3, 3)
(3, 3, 3, 3, 3, 3, 3)
(9, 9, 9, 9, 9, 9, 3)
(3, 3, 3, 3, 3, 3, 3)
(3, 3, 3, 3, 3, 3, 4)
(3, 3, 3, 3, 3, 4, 5)
(3, 3, 3, 3, 4, 5, 3)
(9, 9, 9, 9, 9, 3, 3)
(9, 9, 9, 9, 3, 3, 2)
(9, 9, 9, 3, 3, 2, 1)
(3, 3, 4, 3, 3, 3, 3)
(3, 4, 3, 3, 3, 3, 3)
(9, 9, 3, 3, 2, 1, 3)
(9, 3, 3, 2, 1, 3, 3)
(3, 3, 3, 3, 3, 3, 3)
(3, 3, 3, 3, 3, 3, 3)
(3, 3, 3, 3, 3, 3, 3)
(3, 3, 3, 3, 3, 3, 3)
(3, 3, 2, 1, 3, 3, 3)
(3, 3, 3, 4, 5, 3, 3)
(3, 3, 4, 5, 3, 3, 3)
(4, 3, 3, 3, 3, 3, 3)
(3, 3, 3, 3, 3, 3, 2)
(3, 3, 3, 3, 3, 2, 3)
(3, 3, 3, 3, 3, 3, 3)
(3, 3, 3, 3, 2, 3, 4)
(3, 2, 1, 3, 3, 3, 2)
(2, 1, 3, 3, 3, 2, 1)
(3, 3, 3, 2, 3, 4, 4)
(3, 3, 2, 3, 4, 4, 3)
(3, 3, 3, 3, 3, 3, 3)
(3, 4, 5, 3, 3, 3, 3)
(3, 3, 3, 3, 3, 3, 3)
(4, 5, 3, 3, 3, 3, 3)
(3, 3, 3, 3, 3, 3, 3)
(3, 3, 3, 3, 3, 3, 3)
(3, 3, 3, 3, 3, 3, 3)
(1, 3, 3, 3, 2, 1, 2)
(3, 3, 3, 2, 1, 2, 1)
(3, 2, 3, 4, 4, 3, 3)
(3, 3, 2, 1, 2, 1, 3)
(3, 2, 1, 2, 1, 3, 3)
(2, 1, 2, 1, 3, 3, 3)
(5, 3, 3, 3, 3, 3, 3)
(3, 3, 3, 3, 3, 3, 3)
(3, 3, 3, 3, 3, 3, 3)
(1, 2, 1, 3, 3, 3, 3)
(2, 1, 3, 3, 3, 3, 3)
(1, 3, 3, 3, 3, 3, 3)
(3, 3, 3, 3, 3, 3, 3)
(2, 3, 4, 4, 3, 3, 3)
(3, 4, 4, 3, 3, 3, 4)
(4, 4, 3, 3, 3, 4, 2)
(4, 3, 3, 3, 4, 2, 3)
(3, 3, 3, 3, 3, 3, 9)
(3, 3, 3, 3, 3, 9, 9)
(3, 3, 3, 3, 9, 9, 3)
(27, 9, 27, 9, 3, 3, 3)
(3, 3, 3, 9, 9, 3, 2)
(3, 3, 9, 9, 3, 2, 1)
(3, 3, 3, 3, 3, 3, 3)
(3, 3, 3, 3, 3, 3, 3)
(3, 9, 9, 3, 2, 1, 3)
(3, 3, 3, 3, 3, 3, 3)
(3, 3, 3, 3, 3, 3, 3)
(9, 9, 3, 2, 1, 3, 3)
(3, 3, 3, 3, 3, 3, 3)
(3, 3, 3, 3, 3, 3, 3)
(9, 3, 2, 1, 3, 3, 3)
(3, 3, 3, 4, 2, 3, 3)
(3, 3, 4, 2, 3, 3, 3)
(3, 2, 1, 3, 3, 3, 3)
(3, 3, 3, 3, 3, 3, 3)
(3, 3, 3, 3, 3, 3, 3)
(2, 1, 3, 3, 3, 3, 3)
(1, 3, 3, 3, 3, 3, 1)
(3, 3, 3, 3, 3, 1, 37)
(3, 3, 3, 3, 1, 37, 37)
(3, 3, 3, 1, 37, 37, 2)
(3, 3, 1, 37, 37, 2, 1)
(3, 1, 37, 37, 2, 1, 38)
(1, 37, 37, 2, 1, 38, 4)
(37, 37, 2, 1, 38, 4, 4)
(37, 2, 1, 38, 4, 4, 2)
(2, 1, 38, 4, 4, 2, 39)
(1, 38, 4, 4, 2, 39, 1)
(38, 4, 4, 2, 39, 1, 1)
(4, 4, 2, 39, 1, 1, 2)
(4, 2, 39, 1, 1, 2, 1)
(3, 4, 2, 3, 3, 3, 3)
(4, 2, 3, 3, 3, 3, 3)
(3, 3, 3, 3, 3, 3, 3)
(3, 3, 3, 3, 3, 3, 3)
(3, 3, 3, 3, 3, 3, 3)
(3, 3, 3, 3, 3, 3, 3)
(3, 3, 3, 3, 3, 3, 3)
(3, 3, 3, 3, 3, 3, 3)
(2, 3, 3, 3, 3, 3, 3)
(3, 3, 3, 3, 3, 3, 3)
(3, 3, 3, 3, 3, 3, 4)
(2, 39, 1, 1, 2, 1, 3)
(3, 3, 3, 3, 3, 4, 3)
(3, 3, 3, 3, 3, 3, 3)
(39, 1, 1, 2, 1, 3, 3)
(3, 3, 3, 3, 3, 3, 3)
(3, 3, 3, 3, 3, 3, 3)
(3, 3, 3, 3, 3, 3, 3)
(3, 3, 3, 3, 3, 3, 3)
(1, 1, 2, 1, 3, 3, 3)
(3, 3, 3, 3, 3, 3, 3)
(3, 3, 3, 3, 3, 3, 3)
(1, 2, 1, 3, 3, 3, 3)
(3, 3, 3, 3, 4, 3, 3)
(2, 1, 3, 3, 3, 3, 3)
(3, 3, 3, 4, 3, 3, 3)
(1, 3, 3, 3, 3, 3, 3)
(3, 3, 3, 3, 3, 3, 3)
(3, 3, 3, 3, 3, 3, 3)
(3, 3, 3, 3, 3, 3, 2)
(3, 3, 3, 3, 3, 2, 1)
(3, 3, 3, 3, 3, 3, 3)
(3, 3, 3, 3, 3, 3, 3)
(3, 3, 3, 3, 2, 1, 3)
(3, 3, 3, 3, 3, 3, 3)
(3, 3, 3, 3, 3, 3, 3)
(3, 3, 3, 2, 1, 3, 3)
(3, 3, 4, 3, 3, 3, 3)
(3, 4, 3, 3, 3, 3, 3)
(3, 3, 2, 1, 3, 3, 3)
(3, 3, 3, 3, 3, 3, 3)
(3, 3, 3, 3, 3, 3, 3)
(3, 2, 1, 3, 3, 3, 3)
(3, 3, 3, 3, 3, 3, 3)
(3, 3, 3, 3, 3, 3, 3)
(2, 1, 3, 3, 3, 3, 3)
(3, 3, 3, 3, 3, 3, 3)
(3, 3, 3, 3, 3, 3, 3)
(1, 3, 3, 3, 3, 3, 3)
(4, 3, 3, 3, 3, 3, 3)
(3, 3, 3, 3, 3, 3, 4)
(3, 3, 3, 3, 3, 4, 5)
(3, 3, 3, 3, 4, 5, 3)
(3, 3, 3, 3, 3, 3, 3)
(3, 3, 3, 3, 3, 3, 2)
(3, 3, 3, 3, 3, 2, 1)
(3, 3, 3, 3, 3, 3, 3)
(3, 3, 3, 3, 3, 3, 9)
(3, 3, 3, 3, 3, 9, 3)
(3, 3, 3, 3, 2, 1, 3)
(3, 3, 3, 2, 1, 3, 3)
(3, 3, 3, 3, 3, 3, 3)
(3, 3, 3, 3, 3, 3, 3)
(3, 3, 3, 3, 3, 3, 3)
(3, 3, 3, 3, 3, 3, 3)
(3, 3, 3, 4, 5, 3, 3)
(3, 3, 4, 5, 3, 3, 3)
(3, 3, 2, 1, 3, 3, 3)
(3, 3, 3, 3, 9, 3, 3)
(3, 3, 3, 9, 3, 3, 2)
(3, 3, 9, 3, 3, 2, 3)
(3, 9, 3, 3, 2, 3, 9)
(3, 3, 3, 3, 3, 3, 3)
(9, 3, 3, 2, 3, 9, 4)
(3, 3, 2, 3, 9, 4, 3)
(3, 2, 1, 3, 3, 3, 2)
(2, 1, 3, 3, 3, 2, 1)
(3, 3, 3, 3, 3, 3, 3)
(3, 3, 3, 3, 3, 3, 4)
(3, 3, 3, 3, 3, 4, 3)
(3, 4, 5, 3, 3, 3, 3)
(1, 3, 3, 3, 2, 1, 2)
(4, 5, 3, 3, 3, 3, 3)
(3, 3, 3, 2, 1, 2, 1)
(3, 3, 3, 3, 3, 3, 3)
(3, 3, 3, 3, 3, 3, 3)
(3, 2, 3, 9, 4, 3, 3)
(2, 3, 9, 4, 3, 3, 3)
(3, 3, 2, 1, 2, 1, 3)
(3, 9, 4, 3, 3, 3, 3)
(3, 3, 3, 3, 4, 3, 3)
(3, 2, 1, 2, 1, 3, 3)
(2, 1, 2, 1, 3, 3, 3)
(5, 3, 3, 3, 3, 3, 3)
(3, 3, 3, 3, 3, 3, 3)
(3, 3, 3, 3, 3, 3, 4)
(3, 3, 3, 3, 3, 3, 3)
(9, 4, 3, 3, 3, 3, 3)
(1, 2, 1, 3, 3, 3, 3)
(2, 1, 3, 3, 3, 3, 3)
(1, 3, 3, 3, 3, 3, 3)
(3, 3, 3, 3, 3, 3, 3)
(3, 3, 3, 3, 3, 4, 2)
(3, 3, 3, 3, 4, 2, 3)
(3, 3, 3, 3, 3, 3, 3)
(3, 3, 3, 3, 3, 3, 2)
(3, 3, 3, 3, 3, 2, 1)
(3, 3, 3, 4, 3, 3, 3)
(3, 3, 4, 3, 3, 3, 3)
(3, 3, 3, 3, 2, 1, 3)
(4, 3, 3, 3, 3, 3, 3)
(3, 3, 3, 3, 3, 3, 3)
(3, 3, 3, 2, 1, 3, 3)
(3, 3, 3, 3, 3, 3, 3)
(3, 3, 3, 3, 3, 3, 3)
(3, 3, 2, 1, 3, 3, 3)
(3, 3, 3, 4, 2, 3, 3)
(3, 3, 4, 2, 3, 3, 3)
(3, 2, 1, 3, 3, 3, 3)
(3, 4, 3, 3, 3, 3, 3)
(4, 3, 3, 3, 3, 3, 3)
(2, 1, 3, 3, 3, 3, 3)
(3, 3, 3, 3, 3, 3, 3)
(3, 3, 3, 3, 3, 3, 3)
(1, 3, 3, 3, 3, 3, 3)
(3, 3, 3, 3, 3, 3, 14)
(3, 3, 3, 3, 3, 14, 14)
(3, 3, 3, 3, 14, 14, 14)
(3, 3, 3, 14, 14, 14, 14)
(3, 3, 14, 14, 14, 14, 14)
(3, 14, 14, 14, 14, 14, 14)
(14, 14, 14, 14, 14, 14, 14)
(14, 14, 14, 14, 14, 14, 14)
(14, 14, 14, 14, 14, 14, 14)
(14, 14, 14, 14, 14, 14, 14)
(14, 14, 14, 14, 14, 14, 14)
(14, 14, 14, 14, 14, 14, 14)
(3, 3, 3, 3, 3, 3, 3)
(3, 3, 3, 3, 3, 3, 4)
(3, 3, 3, 3, 3, 4, 6)
(3, 3, 3, 3, 4, 6, 3)
(14, 14, 14, 14, 14, 14, 3)
(14, 14, 14, 14, 14, 3, 2)
(14, 14, 14, 14, 3, 2, 1)
(14, 14, 14, 3, 2, 1, 5)
(14, 14, 3, 2, 1, 5, 2)
(14, 3, 2, 1, 5, 2, 7)
(3, 4, 2, 3, 3, 3, 3)
(4, 2, 3, 3, 3, 3, 5)
(2, 3, 3, 3, 3, 5, 8)
(3, 3, 3, 3, 5, 8, 8)
(3, 3, 3, 5, 8, 8, 9)
(3, 3, 5, 8, 8, 9, 10)
(3, 3, 3, 3, 3, 3, 3)
(3, 5, 8, 8, 9, 10, 7)
(3, 3, 3, 3, 3, 3, 4)
(5, 8, 8, 9, 10, 7, 3)
(3, 3, 3, 3, 3, 4, 7)
(3, 2, 1, 5, 2, 7, 3)
(3, 3, 3, 3, 4, 7, 3)
(2, 1, 5, 2, 7, 3, 3)
(1, 5, 2, 7, 3, 3, 11)
(5, 2, 7, 3, 3, 11, 3)
(2, 7, 3, 3, 11, 3, 2)
(7, 3, 3, 11, 3, 2, 1)
(3, 3, 3, 3, 3, 3, 3)
(3, 3, 3, 3, 3, 3, 4)
(3, 3, 3, 3, 3, 4, 3)
(3, 3, 11, 3, 2, 1, 3)
(3, 11, 3, 2, 1, 3, 2)
(11, 3, 2, 1, 3, 2, 1)
(3, 3, 3, 4, 6, 3, 3)
(3, 3, 4, 6, 3, 3, 4)
(3, 4, 6, 3, 3, 4, 3)
(3, 2, 1, 3, 2, 1, 3)
(2, 1, 3, 2, 1, 3, 2)
(1, 3, 2, 1, 3, 2, 1)
(3, 2, 1, 3, 2, 1, 15)
(3, 3, 3, 4, 7, 3, 3)
(3, 3, 4, 7, 3, 3, 3)
(2, 1, 3, 2, 1, 15, 3)
(8, 8, 9, 10, 7, 3, 3)
(8, 9, 10, 7, 3, 3, 3)
(1, 3, 2, 1, 15, 3, 3)
(3, 3, 3, 3, 4, 3, 3)
(3, 3, 3, 4, 3, 3, 4)
(3, 3, 4, 3, 3, 4, 4)
(3, 4, 3, 3, 4, 4, 3)
(3, 2, 1, 15, 3, 3, 3)
(2, 1, 15, 3, 3, 3, 4)
(1, 15, 3, 3, 3, 4, 12)
(15, 3, 3, 3, 4, 12, 2)
(3, 3, 3, 4, 12, 2, 1)
(3, 3, 4, 12, 2, 1, 15)
(4, 6, 3, 3, 4, 3, 3)
(6, 3, 3, 4, 3, 3, 3)
(3, 4, 12, 2, 1, 15, 3)
(4, 12, 2, 1, 15, 3, 9)
(12, 2, 1, 15, 3, 9, 9)
(2, 1, 15, 3, 9, 9, 2)
(1, 15, 3, 9, 9, 2, 5)
(15, 3, 9, 9, 2, 5, 2)
(3, 9, 9, 2, 5, 2, 6)
(9, 9, 2, 5, 2, 6, 7)
(9, 2, 5, 2, 6, 7, 6)
(2, 5, 2, 6, 7, 6, 5)
(5, 2, 6, 7, 6, 5, 2)
(2, 6, 7, 6, 5, 2, 6)
(6, 7, 6, 5, 2, 6, 7)
(7, 6, 5, 2, 6, 7, 6)
(6, 5, 2, 6, 7, 6, 2)
(5, 2, 6, 7, 6, 2, 5)
(2, 6, 7, 6, 2, 5, 2)
(6, 7, 6, 2, 5, 2, 6)
(7, 6, 2, 5, 2, 6, 7)
(6, 2, 5, 2, 6, 7, 6)
(2, 5, 2, 6, 7, 6, 5)
(5, 2, 6, 7, 6, 5, 2)
(2, 6, 7, 6, 5, 2, 6)
(6, 7, 6, 5, 2, 6, 7)
(7, 6, 5, 2, 6, 7, 6)
(6, 5, 2, 6, 7, 6, 14)
(3, 3, 9, 23, 24, 3, 3)
(3, 9, 23, 24, 3, 3, 3)
(5, 2, 6, 7, 6, 14, 3)
(3, 3, 3, 3, 3, 3, 3)
(3, 3, 3, 3, 3, 3, 3)
(3, 3, 3, 3, 3, 3, 3)
(2, 6, 7, 6, 14, 3, 3)
(6, 7, 6, 14, 3, 3, 3)
(3, 3, 3, 3, 3, 3, 3)
(3, 3, 3, 3, 3, 3, 3)
(3, 3, 3, 3, 3, 3, 3)
(3, 3, 3, 3, 3, 3, 3)
(3, 3, 3, 3, 3, 14, 3)
(3, 3, 3, 3, 14, 3, 3)
(3, 3, 3, 3, 3, 3, 3)
(3, 3, 3, 3, 3, 3, 3)
(3, 3, 3, 14, 3, 3, 3)
(3, 3, 3, 3, 3, 3, 3)
(3, 3, 14, 3, 3, 3, 3)
(3, 14, 3, 3, 3, 3, 9)
(3, 3, 3, 3, 3, 3, 3)
(14, 3, 3, 3, 3, 9, 9)
(3, 3, 3, 3, 9, 9, 9)
(3, 3, 3, 9, 9, 9, 9)
(3, 3, 9, 9, 9, 9, 3)
(3, 3, 3, 3, 3, 3, 3)
(3, 3, 3, 3, 3, 3, 3)
(3, 9, 9, 9, 9, 3, 3)
(3, 3, 3, 3, 3, 3, 3)
(3, 3, 3, 3, 3, 3, 3)
(9, 9, 9, 9, 3, 3, 3)
(3, 3, 3, 3, 3, 3, 3)
(3, 3, 3, 3, 3, 3, 3)
(9, 9, 9, 3, 3, 3, 3)
(3, 3, 3, 3, 3, 3, 3)
(3, 3, 3, 3, 3, 3, 3)
(9, 9, 3, 3, 3, 3, 3)
(3, 3, 3, 3, 3, 3, 3)
(3, 3, 3, 3, 3, 3, 3)
(9, 3, 3, 3, 3, 3, 3)
(3, 3, 3, 3, 3, 3, 3)
(3, 3, 3, 3, 3, 3, 3)
(3, 3, 3, 3, 3, 3, 3)
(3, 3, 3, 3, 3, 3, 3)
(3, 3, 3, 3, 3, 3, 3)
(3, 3, 3, 3, 3, 3, 3)
(3, 3, 3, 3, 3, 3, 3)
(3, 3, 3, 3, 3, 3, 3)
(3, 3, 3, 3, 3, 3, 3)
(3, 3, 3, 3, 3, 3, 3)
(3, 3, 3, 3, 3, 3, 3)
(3, 3, 3, 3, 3, 3, 3)
(3, 3, 3, 3, 3, 3, 3)
(3, 3, 3, 3, 3, 3, 3)
(3, 3, 3, 3, 3, 3, 3)
(3, 3, 3, 3, 3, 3, 3)
(3, 3, 3, 3, 3, 3, 3)
(3, 3, 3, 3, 3, 3, 3)
(3, 3, 3, 3, 3, 3, 3)
(3, 3, 3, 3, 3, 3, 3)
(3, 3, 3, 3, 3, 3, 3)
(3, 3, 3, 3, 3, 3, 5)
(3, 3, 3, 3, 3, 5, 3)
(3, 3, 3, 3, 3, 3, 3)
(3, 3, 3, 3, 3, 3, 3)
(3, 3, 3, 3, 3, 3, 4)
(3, 3, 3, 3, 3, 4, 3)
(3, 3, 3, 3, 3, 3, 1)
(3, 3, 3, 3, 3, 3, 3)
(3, 3, 3, 3, 3, 3, 3)
(3, 3, 3, 3, 3, 1, 3)
(3, 3, 3, 3, 3, 3, 3)
(3, 3, 3, 3, 3, 3, 3)
(3, 3, 3, 3, 1, 3, 3)
(3, 3, 3, 3, 5, 3, 3)
(3, 3, 3, 5, 3, 3, 3)
(3, 3, 3, 1, 3, 3, 3)
(3, 3, 3, 3, 4, 3, 3)
(3, 3, 3, 3, 3, 3, 3)
(3, 3, 3, 3, 3, 3, 3)
(3, 3, 1, 3, 3, 3, 3)
(3, 3, 3, 3, 3, 3, 3)
(3, 3, 3, 3, 3, 3, 3)
(3, 3, 5, 3, 3, 3, 3)
(3, 5, 3, 3, 3, 3, 29)
(5, 3, 3, 3, 3, 29, 3)
(3, 3, 3, 4, 3, 3, 3)
(3, 3, 3, 3, 29, 3, 3)
(3, 3, 3, 3, 3, 3, 3)
(3, 3, 3, 29, 3, 3, 3)
(3, 1, 3, 3, 3, 3, 3)
(3, 3, 29, 3, 3, 3, 3)
(3, 3, 3, 3, 3, 3, 3)
(3, 3, 4, 3, 3, 3, 3)
(3, 29, 3, 3, 3, 3, 3)
(3, 3, 3, 3, 3, 3, 3)
(29, 3, 3, 3, 3, 3, 3)
(1, 3, 3, 3, 3, 3, 3)
(3, 3, 3, 3, 3, 3, 3)
(3, 3, 3, 3, 3, 3, 3)
(3, 3, 3, 3, 3, 3, 3)
(3, 4, 3, 3, 3, 3, 3)
(3, 3, 3, 3, 3, 3, 3)
(3, 3, 3, 3, 3, 3, 3)
(3, 3, 3, 3, 3, 3, 3)
(3, 3, 3, 3, 3, 3, 3)
(3, 3, 3, 3, 3, 3, 3)
(3, 3, 3, 3, 3, 3, 3)
(3, 3, 3, 3, 3, 3, 3)
(4, 3, 3, 3, 3, 3, 3)
(3, 3, 3, 3, 3, 3, 3)
(3, 3, 3, 3, 3, 3, 3)
(3, 3, 3, 3, 3, 3, 3)
(3, 3, 3, 3, 3, 3, 3)
(3, 3, 3, 3, 3, 3, 3)
(3, 3, 3, 3, 3, 3, 3)
(3, 3, 3, 3, 3, 3, 3)
(3, 3, 3, 3, 3, 3, 3)
(3, 3, 3, 3, 3, 3, 3)
(3, 3, 3, 3, 3, 3, 3)
(3, 3, 3, 3, 3, 3, 3)
(3, 3, 3, 3, 3, 3, 3)
(3, 3, 3, 3, 3, 3, 3)
(3, 3, 3, 3, 3, 3, 3)
(3, 3, 3, 3, 3, 3, 3)
(3, 3, 3, 3, 3, 3, 3)
(3, 3, 3, 3, 3, 3, 3)
(3, 3, 3, 3, 3, 3, 3)
(3, 3, 3, 3, 3, 3, 3)
(3, 3, 3, 3, 3, 3, 3)
(3, 3, 3, 3, 3, 3, 3)
(3, 3, 3, 3, 3, 3, 3)
(3, 3, 3, 3, 3, 3, 3)
(3, 3, 3, 3, 3, 3, 3)
(3, 3, 3, 3, 3, 3, 3)
(3, 3, 3, 3, 3, 3, 4)
(3, 3, 3, 3, 3, 4, 3)
(3, 3, 3, 3, 3, 3, 2)
(3, 3, 3, 3, 3, 2, 1)
(3, 3, 3, 3, 3, 3, 3)
(3, 3, 3, 3, 4, 3, 3)
(3, 3, 3, 3, 3, 3, 3)
(3, 3, 3, 4, 3, 3, 3)
(3, 3, 4, 3, 3, 3, 3)
(3, 3, 3, 3, 3, 3, 3)
(3, 4, 3, 3, 3, 3, 3)
(3, 3, 3, 3, 2, 1, 3)
(3, 3, 3, 2, 1, 3, 3)
(3, 3, 3, 3, 3, 3, 3)
(3, 3, 3, 3, 3, 3, 3)
(3, 3, 3, 3, 3, 3, 3)
(3, 3, 2, 1, 3, 3, 3)
(3, 3, 3, 3, 3, 3, 3)
(3, 2, 1, 3, 3, 3, 3)
(3, 3, 3, 3, 3, 3, 3)
(2, 1, 3, 3, 3, 3, 3)
(1, 3, 3, 3, 3, 3, 3)
(4, 3, 3, 3, 3, 3, 3)
(3, 3, 3, 3, 3, 3, 3)
(3, 3, 3, 3, 3, 3, 3)
(3, 3, 3, 3, 3, 3, 4)
(3, 3, 3, 3, 3, 4, 7)
(3, 3, 3, 3, 3, 3, 3)
(3, 3, 3, 3, 3, 3, 9)
(3, 3, 3, 3, 3, 9, 9)
(3, 3, 3, 3, 9, 9, 2)
(3, 3, 3, 9, 9, 2, 1)
(3, 3, 9, 9, 2, 1, 9)
(3, 9, 9, 2, 1, 9, 9)
(27, 9, 27, 9, 3, 3, 3)
(3, 3, 3, 3, 3, 3, 3)
(3, 3, 3, 3, 3, 3, 3)
(9, 9, 2, 1, 9, 9, 3)
(3, 3, 3, 3, 3, 3, 3)
(3, 3, 3, 3, 3, 3, 3)
(9, 2, 1, 9, 9, 3, 3)
(3, 3, 3, 3, 3, 3, 3)
(3, 3, 3, 3, 3, 3, 3)
(2, 1, 9, 9, 3, 3, 3)
(3, 3, 3, 3, 4, 7, 3)
(3, 3, 3, 4, 7, 3, 3)
(1, 9, 9, 3, 3, 3, 3)
(3, 3, 3, 3, 3, 3, 3)
(3, 3, 3, 3, 3, 3, 3)
(9, 9, 3, 3, 3, 3, 3)
(3, 3, 3, 3, 3, 3, 3)
(3, 3, 3, 3, 3, 3, 3)
(9, 3, 3, 3, 3, 3, 3)
(3, 3, 3, 3, 3, 3, 3)
(3, 3, 3, 3, 3, 3, 3)
(3, 3, 3, 3, 3, 3, 3)
(3, 3, 4, 7, 3, 3, 3)
(3, 4, 7, 3, 3, 3, 3)
(3, 3, 3, 3, 3, 3, 3)
(3, 3, 3, 3, 3, 3, 3)
(3, 3, 3, 3, 3, 3, 3)
(3, 3, 3, 3, 3, 3, 3)
(3, 3, 3, 3, 3, 3, 3)
(3, 3, 3, 3, 3, 3, 3)
(3, 3, 3, 3, 3, 3, 3)
(3, 3, 3, 3, 3, 3, 3)
(3, 3, 3, 3, 3, 3, 3)
(3, 3, 3, 3, 3, 3, 3)
(4, 7, 3, 3, 3, 3, 3)
(7, 3, 3, 3, 3, 3, 3)
(3, 3, 3, 3, 3, 3, 3)
(3, 3, 3, 3, 3, 3, 3)
(3, 3, 3, 3, 3, 3, 3)
(3, 3, 3, 3, 3, 3, 3)
(3, 3, 3, 3, 3, 3, 3)
(3, 3, 3, 3, 3, 3, 3)
(3, 3, 3, 3, 3, 3, 3)
(3, 3, 3, 3, 3, 3, 3)
(3, 3, 3, 3, 3, 3, 3)
(3, 3, 3, 3, 3, 3, 3)
(3, 3, 3, 3, 3, 3, 3)
(3, 3, 3, 3, 3, 3, 3)
(3, 3, 3, 3, 3, 3, 3)
(3, 3, 3, 3, 3, 3, 14)
(3, 3, 3, 3, 3, 14, 14)
(3, 3, 3, 3, 14, 14, 14)
(3, 3, 3, 14, 14, 14, 14)
(3, 3, 14, 14, 14, 14, 14)
(3, 14, 14, 14, 14, 14, 14)
(14, 14, 14, 14, 14, 14, 14)
(14, 14, 14, 14, 14, 14, 14)
(14, 14, 14, 14, 14, 14, 14)
(14, 14, 14, 14, 14, 14, 14)
(14, 14, 14, 14, 14, 14, 14)
(14, 14, 14, 14, 14, 14, 14)
(14, 14, 14, 14, 14, 14, 14)
(14, 14, 14, 14, 14, 14, 14)
(14, 14, 14, 14, 14, 14, 14)
(14, 14, 14, 14, 14, 14, 14)
(14, 14, 14, 14, 14, 14, 14)
(14, 14, 14, 14, 14, 14, 14)
(14, 14, 14, 14, 14, 14, 14)
(14, 14, 14, 14, 14, 14, 14)
(14, 14, 14, 14, 14, 14, 14)
(14, 14, 14, 14, 14, 14, 14)
(14, 14, 14, 14, 14, 14, 14)
(14, 14, 14, 14, 14, 14, 14)
(14, 14, 14, 14, 14, 14, 14)
(14, 14, 14, 14, 14, 14, 14)
(14, 14, 14, 14, 14, 14, 14)
(14, 14, 14, 14, 14, 14, 14)
(14, 14, 14, 14, 14, 14, 14)
(14, 14, 14, 14, 14, 14, 14)
(14, 14, 14, 14, 14, 14, 14)
(14, 14, 14, 14, 14, 14, 14)
(3, 3, 3, 3, 3, 3, 3)
(3, 3, 3, 3, 3, 3, 3)
(14, 14, 14, 14, 14, 14, 3)
(3, 3, 3, 3, 3, 3, 3)
(3, 3, 3, 3, 3, 3, 3)
(14, 14, 14, 14, 14, 3, 3)
(3, 3, 3, 3, 3, 3, 3)
(14, 14, 14, 14, 3, 3, 3)
(9, 27, 9, 3, 3, 3, 3)
(14, 14, 14, 3, 3, 3, 3)
(3, 3, 3, 3, 3, 3, 3)
(14, 14, 3, 3, 3, 3, 3)
(3, 3, 3, 3, 3, 3, 3)
(3, 3, 3, 3, 3, 3, 3)
(3, 3, 3, 3, 3, 3, 3)
(3, 3, 3, 3, 3, 3, 3)
(3, 3, 3, 3, 3, 3, 3)
(3, 3, 3, 3, 3, 3, 3)
(3, 3, 3, 3, 3, 3, 27)
(3, 3, 3, 3, 3, 3, 27)
(3, 3, 3, 3, 3, 3, 27)
(3, 3, 3, 3, 3, 27, 9)
(3, 3, 3, 3, 3, 27, 9)
(3, 3, 3, 3, 3, 27, 9)
(3, 3, 3, 3, 27, 9, 27)
(3, 3, 3, 3, 27, 9, 27)
(3, 3, 3, 3, 27, 9, 27)
(3, 3, 3, 27, 9, 27, 9)
(3, 3, 3, 27, 9, 27, 9)
(3, 3, 3, 27, 9, 27, 9)
(3, 3, 27, 9, 27, 9, 27)
(3, 3, 27, 9, 27, 9, 27)
(3, 3, 27, 9, 27, 9, 27)
(3, 27, 9, 27, 9, 27, 9)
(3, 27, 9, 27, 9, 27, 9)
(3, 27, 9, 27, 9, 27, 9)
(27, 9, 27, 9, 27, 9, 27)
(27, 9, 27, 9, 27, 9, 27)
(27, 9, 27, 9, 27, 9, 27)
(9, 27, 9, 27, 9, 27, 9)
(9, 27, 9, 27, 9, 27, 9)
(27, 9, 27, 9, 27, 9, 3)
(9, 27, 9, 27, 9, 27, 9)
(14, 3, 3, 3, 3, 3, 14)
(27, 9, 27, 9, 27, 9, 3)
(27, 9, 27, 9, 27, 9, 3)
(3, 3, 3, 3, 3, 14, 3)
(9, 27, 9, 27, 9, 3, 3)
(9, 27, 9, 27, 9, 3, 3)
(3, 3, 3, 3, 14, 3, 3)
(3, 3, 3, 14, 3, 3, 3)
(27, 9, 27, 9, 3, 3, 3)
(3, 3, 14, 3, 3, 3, 3)
(3, 14, 3, 3, 3, 3, 3)
(27, 9, 3, 3, 3, 3, 3)
(9, 3, 3, 3, 3, 3, 3)
(14, 3, 3, 3, 3, 3, 3)
(9, 27, 9, 27, 9, 3, 3)
(27, 9, 27, 9, 3, 3, 3)
(27, 9, 27, 9, 3, 3, 3)
(9, 27, 9, 3, 3, 3, 3)
(3, 3, 3, 3, 3, 3, 3)
(27, 9, 3, 3, 3, 3, 3)
(3, 3, 3, 3, 3, 3, 3)
(9, 3, 3, 3, 3, 3, 3)
(3, 3, 3, 3, 3, 3, 3)
(9, 27, 9, 3, 3, 3, 3)
(3, 3, 3, 3, 3, 3, 3)
(3, 3, 3, 3, 3, 3, 3)
(3, 3, 3, 3, 3, 3, 3)
(3, 3, 3, 3, 3, 3, 3)
(3, 3, 3, 3, 3, 3, 9)
(3, 3, 3, 3, 3, 9, 9)
(3, 3, 3, 3, 9, 9, 9)
(3, 3, 3, 9, 9, 9, 9)
(3, 3, 9, 9, 9, 9, 9)
(3, 9, 9, 9, 9, 9, 9)
(9, 9, 9, 9, 9, 9, 9)
(9, 9, 9, 9, 9, 9, 9)
(9, 9, 9, 9, 9, 9, 9)
(9, 9, 9, 9, 9, 9, 9)
(9, 9, 9, 9, 9, 9, 9)
(9, 9, 9, 9, 9, 9, 9)
(9, 9, 9, 9, 9, 9, 9)
(9, 9, 9, 9, 9, 9, 9)
(9, 9, 9, 9, 9, 9, 9)
(9, 27, 9, 3, 3, 3, 3)
(3, 3, 3, 3, 3, 3, 3)
(3, 3, 3, 3, 3, 3, 3)
(9, 9, 9, 9, 9, 9, 3)
(9, 9, 9, 9, 9, 3, 9)
(9, 9, 9, 9, 3, 9, 9)
(3, 3, 3, 3, 3, 3, 3)
(9, 9, 9, 3, 9, 9, 9)
(9, 9, 3, 9, 9, 9, 9)
(9, 3, 9, 9, 9, 9, 9)
(3, 3, 3, 3, 3, 3, 3)
(3, 3, 3, 3, 3, 3, 3)
(3, 3, 3, 3, 3, 3, 3)
(3, 9, 9, 9, 9, 9, 3)
(3, 3, 3, 3, 3, 3, 3)
(9, 9, 9, 9, 9, 3, 3)
(3, 3, 3, 3, 3, 3, 3)
(9, 9, 9, 9, 3, 3, 3)
(9, 9, 9, 3, 3, 3, 9)
(9, 9, 3, 3, 3, 9, 9)
(27, 9, 3, 3, 3, 3, 3)
(9, 3, 3, 3, 3, 3, 3)
(9, 3, 3, 3, 9, 9, 3)
(3, 3, 3, 3, 3, 3, 27)
(3, 3, 3, 3, 3, 27, 9)
(3, 3, 3, 3, 27, 9, 27)
(3, 3, 3, 27, 9, 27, 9)
(3, 3, 3, 9, 9, 3, 14)
(3, 3, 27, 9, 27, 9, 3)
(3, 3, 9, 9, 3, 14, 3)
(3, 9, 9, 3, 14, 3, 3)
(3, 3, 3, 3, 3, 3, 3)
(3, 3, 3, 3, 3, 3, 3)
(9, 9, 3, 14, 3, 3, 3)
(9, 3, 14, 3, 3, 3, 3)
(3, 14, 3, 3, 3, 3, 3)
(3, 3, 3, 3, 3, 3, 3)
(3, 3, 3, 3, 3, 3, 3)
(3, 3, 3, 3, 3, 3, 3)
(14, 3, 3, 3, 3, 3, 3)
(3, 3, 3, 3, 3, 3, 3)
(3, 3, 3, 3, 3, 3, 3)
(3, 3, 3, 3, 3, 3, 9)
(3, 3, 3, 3, 3, 9, 23)
(3, 3, 3, 3, 9, 23, 24)
(3, 3, 3, 9, 23, 24, 3)
(3, 3, 3, 3, 3, 3, 3)
(3, 3, 3, 3, 3, 3, 9)
(3, 3, 3, 3, 3, 9, 9)
(3, 3, 3, 3, 9, 9, 9)
(3, 3, 3, 9, 9, 9, 9)
(3, 3, 9, 9, 9, 9, 9)
(3, 9, 9, 9, 9, 9, 2)
(9, 9, 9, 9, 9, 2, 1)
(3, 3, 3, 3, 3, 3, 3)
(3, 3, 3, 3, 3, 3, 4)
(3, 3, 3, 3, 3, 4, 6)
(3, 3, 3, 3, 4, 6, 3)
(9, 9, 9, 9, 2, 1, 3)
(9, 9, 9, 2, 1, 3, 2)
(9, 9, 2, 1, 3, 2, 1)
(9, 2, 1, 3, 2, 1, 1)
(2, 1, 3, 2, 1, 1, 2)
(3, 3, 3, 3, 3, 3, 3)
(3, 3, 3, 3, 3, 3, 4)
(3, 3, 3, 3, 3, 4, 3)
(1, 3, 2, 1, 1, 2, 1)
(3, 2, 1, 1, 2, 1, 3)
(2, 1, 1, 2, 1, 3, 2)
(1, 1, 2, 1, 3, 2, 1)
(3, 3, 3, 3, 3, 3, 3)
(3, 3, 3, 3, 3, 3, 4)
(3, 3, 3, 3, 3, 4, 3)
(1, 2, 1, 3, 2, 1, 3)
(2, 1, 3, 2, 1, 3, 2)
(1, 3, 2, 1, 3, 2, 1)
(3, 3, 3, 3, 3, 3, 3)
(3, 3, 3, 3, 3, 3, 4)
(3, 3, 3, 3, 3, 4, 3)
(3, 2, 1, 3, 2, 1, 3)
(2, 1, 3, 2, 1, 3, 2)
(1, 3, 2, 1, 3, 2, 1)
(3, 2, 1, 3, 2, 1, 15)
(3, 3, 3, 4, 6, 3, 3)
(3, 3, 4, 6, 3, 3, 3)
(2, 1, 3, 2, 1, 15, 3)
(3, 3, 3, 3, 4, 3, 3)
(3, 3, 3, 4, 3, 3, 4)
(3, 3, 4, 3, 3, 4, 4)
(3, 4, 3, 3, 4, 4, 3)
(1, 3, 2, 1, 15, 3, 3)
(3, 2, 1, 15, 3, 3, 4)
(2, 1, 15, 3, 3, 4, 12)
(1, 15, 3, 3, 4, 12, 2)
(15, 3, 3, 4, 12, 2, 1)
(3, 3, 4, 12, 2, 1, 15)
(3, 4, 12, 2, 1, 15, 2)
(4, 12, 2, 1, 15, 2, 5)
(12, 2, 1, 15, 2, 5, 2)
(2, 1, 15, 2, 5, 2, 6)
(1, 15, 2, 5, 2, 6, 7)
(15, 2, 5, 2, 6, 7, 6)
(2, 5, 2, 6, 7, 6, 5)
(5, 2, 6, 7, 6, 5, 2)
(2, 6, 7, 6, 5, 2, 6)
(6, 7, 6, 5, 2, 6, 7)
(7, 6, 5, 2, 6, 7, 6)
(3, 3, 3, 3, 4, 3, 3)
(3, 3, 3, 4, 3, 3, 3)
(3, 3, 3, 3, 4, 3, 3)
(3, 3, 3, 4, 3, 3, 3)
(6, 5, 2, 6, 7, 6, 9)
(3, 4, 6, 3, 3, 3, 3)
(4, 3, 3, 4, 4, 3, 3)
(3, 3, 4, 4, 3, 3, 3)
(5, 2, 6, 7, 6, 9, 9)
(2, 6, 7, 6, 9, 9, 2)
(4, 6, 3, 3, 3, 3, 3)
(3, 3, 4, 3, 3, 3, 3)
(6, 7, 6, 9, 9, 2, 3)
(3, 4, 3, 3, 3, 3, 3)
(7, 6, 9, 9, 2, 3, 3)
(6, 3, 3, 3, 3, 3, 3)
(6, 9, 9, 2, 3, 3, 3)
(3, 3, 4, 3, 3, 3, 3)
(3, 3, 3, 3, 3, 3, 3)
(9, 9, 2, 3, 3, 3, 3)
(9, 2, 3, 3, 3, 3, 3)
(2, 3, 3, 3, 3, 3, 12)
(3, 4, 4, 3, 3, 3, 3)
(4, 4, 3, 3, 3, 3, 4)
(4, 3, 3, 3, 3, 4, 3)
(3, 3, 3, 3, 3, 12, 3)
(3, 3, 3, 3, 12, 3, 2)
(3, 3, 3, 12, 3, 2, 1)
(4, 3, 3, 3, 3, 3, 3)
(3, 3, 3, 3, 3, 3, 3)
(3, 3, 12, 3, 2, 1, 3)
(3, 12, 3, 2, 1, 3, 14)
(12, 3, 2, 1, 3, 14, 14)
(3, 2, 1, 3, 14, 14, 14)
(2, 1, 3, 14, 14, 14, 14)
(27, 9, 3, 3, 3, 3, 3)
(9, 3, 3, 3, 3, 3, 27)
(3, 3, 3, 3, 3, 27, 9)
(3, 3, 3, 3, 27, 9, 27)
(3, 3, 3, 27, 9, 27, 9)
(1, 3, 14, 14, 14, 14, 9)
(3, 3, 27, 9, 27, 9, 27)
(3, 27, 9, 27, 9, 27, 9)
(3, 14, 14, 14, 14, 9, 9)
(27, 9, 27, 9, 27, 9, 27)
(9, 27, 9, 27, 9, 27, 9)
(27, 9, 27, 9, 27, 9, 3)
(14, 14, 14, 14, 9, 9, 14)
(14, 14, 14, 9, 9, 14, 3)
(3, 27, 9, 27, 9, 3, 3)
(27, 9, 27, 9, 3, 3, 3)
(14, 14, 9, 9, 14, 3, 3)
(3, 3, 3, 3, 3, 3, 3)
(14, 9, 9, 14, 3, 3, 3)
(3, 3, 3, 3, 3, 3, 3)
(3, 4, 3, 3, 3, 3, 3)
(9, 9, 14, 3, 3, 3, 3)
(4, 3, 3, 3, 3, 3, 3)
(3, 3, 9, 23, 24, 3, 3)
(3, 3, 3, 3, 3, 3, 3)
(9, 14, 3, 3, 3, 3, 3)
(14, 3, 3, 3, 3, 3, 9)
(3, 3, 3, 3, 3, 9, 9)
(3, 3, 3, 3, 9, 9, 9)
(3, 3, 3, 9, 9, 9, 9)
(3, 3, 9, 9, 9, 9, 3)
(3, 3, 3, 3, 3, 3, 3)
(3, 3, 3, 3, 3, 3, 3)
(3, 9, 9, 9, 9, 3, 3)
(3, 9, 23, 24, 3, 3, 3)
(9, 9, 9, 9, 3, 3, 3)
(3, 3, 3, 3, 4, 3, 3)
(3, 3, 3, 4, 3, 3, 3)
(9, 9, 9, 3, 3, 3, 3)
(3, 3, 3, 3, 3, 3, 3)
(3, 3, 3, 3, 3, 3, 3)
(9, 9, 3, 3, 3, 3, 3)
(3, 3, 3, 3, 3, 3, 3)
(3, 3, 3, 3, 3, 3, 3)
(9, 3, 3, 3, 3, 3, 3)
(3, 3, 3, 3, 3, 3, 3)
(3, 3, 3, 3, 3, 3, 3)
(3, 3, 3, 3, 3, 3, 3)
(3, 3, 4, 3, 3, 3, 3)
(3, 4, 3, 3, 3, 3, 3)
(3, 3, 3, 3, 3, 3, 3)
(3, 3, 3, 3, 3, 3, 3)
(3, 3, 3, 3, 3, 3, 3)
(3, 3, 3, 3, 3, 3, 3)
(3, 3, 3, 3, 3, 3, 3)
(3, 3, 3, 3, 3, 3, 3)
(3, 3, 3, 3, 3, 3, 3)
(3, 3, 3, 3, 3, 3, 3)
(3, 3, 3, 3, 3, 3, 3)
(3, 3, 3, 3, 3, 3, 3)
(4, 3, 3, 3, 3, 3, 3)
(3, 3, 3, 3, 3, 3, 3)
(3, 3, 3, 3, 3, 3, 3)
(3, 3, 3, 3, 3, 3, 3)
(3, 3, 3, 3, 3, 3, 3)
(3, 3, 3, 3, 3, 3, 3)
(3, 3, 3, 3, 3, 3, 3)
(3, 3, 3, 3, 3, 3, 3)
(3, 3, 3, 3, 3, 3, 3)
(3, 3, 3, 3, 3, 3, 3)
(3, 3, 3, 3, 3, 3, 3)
(3, 3, 3, 3, 3, 3, 3)
(3, 3, 3, 3, 3, 3, 3)
(3, 3, 3, 3, 3, 3, 3)
(3, 3, 3, 3, 3, 3, 3)
(3, 3, 3, 3, 3, 3, 3)
(3, 3, 3, 3, 3, 3, 3)
(3, 3, 3, 3, 3, 3, 3)
(3, 3, 3, 3, 3, 3, 3)
(3, 3, 3, 3, 3, 3, 3)
(3, 3, 3, 3, 3, 3, 3)
(3, 3, 3, 3, 3, 3, 3)
(3, 3, 3, 3, 3, 3, 3)
(3, 3, 3, 3, 3, 3, 3)
(3, 3, 3, 3, 3, 3, 3)
(3, 3, 3, 3, 3, 3, 3)
(3, 3, 3, 3, 3, 3, 3)
(3, 3, 3, 3, 3, 3, 3)
(3, 3, 3, 3, 3, 3, 3)
(3, 3, 3, 3, 3, 3, 3)
(3, 3, 3, 3, 3, 3, 3)
(3, 3, 3, 3, 3, 3, 3)
(3, 3, 3, 3, 3, 3, 3)
(3, 3, 3, 3, 3, 3, 3)
(3, 3, 3, 3, 3, 3, 3)
(3, 3, 3, 3, 3, 3, 3)
(3, 3, 3, 3, 3, 3, 3)
(3, 3, 3, 3, 3, 3, 3)
(3, 3, 3, 3, 3, 3, 3)
(3, 3, 3, 3, 3, 3, 3)
(3, 3, 3, 3, 3, 3, 3)
(3, 3, 3, 3, 3, 3, 3)
(3, 3, 3, 3, 3, 3, 3)
(3, 3, 3, 3, 3, 3, 3)
(3, 3, 3, 3, 3, 3, 3)
(3, 3, 3, 3, 3, 3, 3)
(3, 3, 3, 3, 3, 3, 3)
(3, 3, 3, 3, 3, 3, 3)
(3, 3, 3, 3, 3, 3, 3)
(3, 3, 3, 3, 3, 3, 3)
(3, 3, 3, 3, 3, 3, 9)
(3, 3, 3, 3, 3, 9, 9)
(3, 3, 3, 3, 9, 9, 40)
(3, 3, 3, 9, 9, 40, 6)
(3, 3, 9, 9, 40, 6, 5)
(3, 9, 9, 40, 6, 5, 41)
(9, 9, 40, 6, 5, 41, 7)
(9, 40, 6, 5, 41, 7, 6)
(40, 6, 5, 41, 7, 6, 6)
(6, 5, 41, 7, 6, 6, 40)
(5, 41, 7, 6, 6, 40, 6)
(41, 7, 6, 6, 40, 6, 5)
(7, 6, 6, 40, 6, 5, 41)
(6, 6, 40, 6, 5, 41, 7)
(9, 27, 9, 27, 9, 3, 3)
(27, 9, 27, 9, 3, 3, 27)
(9, 27, 9, 3, 3, 27, 9)
(27, 9, 3, 3, 27, 9, 27)
(9, 3, 3, 27, 9, 27, 9)
(3, 3, 27, 9, 27, 9, 27)
(3, 27, 9, 27, 9, 27, 9)
(27, 9, 27, 9, 27, 9, 27)
(9, 27, 9, 27, 9, 27, 9)
(27, 9, 27, 9, 27, 9, 3)
(6, 40, 6, 5, 41, 7, 14)
(40, 6, 5, 41, 7, 14, 3)
(9, 27, 9, 3, 3, 3, 3)
(27, 9, 3, 3, 3, 3, 3)
(6, 5, 41, 7, 14, 3, 3)
