(1, 2, 1, 4, 1, 1, 3)
(2, 1, 4, 1, 1, 3, 2)
(1, 4, 1, 1, 3, 2, 1)
(4, 1, 1, 3, 2, 1, 3)
(1, 1, 3, 2, 1, 3, 3)
(3, 3, 3, 3, 3, 3, 3)
(1, 3, 2, 1, 3, 3, 3)
(3, 2, 1, 3, 3, 3, 3)
(2, 1, 3, 3, 3, 3, 3)
(1, 3, 3, 3, 3, 3, 3)
(3, 3, 3, 3, 3, 3, 2)
(3, 3, 3, 3, 3, 2, 1)
(3, 3, 3, 3, 2, 1, 3)
(3, 3, 3, 3, 3, 3, 3)
(3, 3, 3, 2, 1, 3, 3)
(3, 3, 3, 3, 3, 3, 3)
(3, 3, 3, 3, 3, 3, 3)
(3, 3, 2, 1, 3, 3, 3)
(3, 3, 4, 3, 3, 3, 3)
(3, 4, 3, 3, 3, 3, 3)
(3, 2, 1, 3, 3, 3, 3)
(3, 3, 3, 3, 3, 3, 3)
(2, 1, 3, 3, 3, 3, 3)
(3, 3, 3, 3, 3, 3, 3)
(3, 3, 3, 3, 3, 3, 3)
(1, 3, 3, 3, 3, 3, 3)
(3, 3, 3, 3, 3, 3, 3)
(3, 3, 3, 3, 3, 3, 4)
(3, 3, 3, 3, 3, 4, 5)
(3, 3, 3, 3, 4, 5, 3)
(3, 3, 3, 3, 3, 3, 3)
(3, 3, 3, 3, 3, 3, 2)
(3, 3, 3, 3, 3, 2, 1)
(4, 3, 3, 3, 3, 3, 3)
(3, 3, 3, 3, 3, 3, 3)
(3, 3, 3, 3, 2, 1, 3)
(3, 3, 3, 2, 1, 3, 3)
(3, 3, 3, 3, 3, 3, 3)
(3, 3, 3, 3, 3, 3, 3)
(3, 3, 3, 3, 3, 3, 9)
(3, 3, 3, 3, 3, 3, 3)
(3, 3, 3, 3, 3, 3, 3)
(3, 3, 2, 1, 3, 3, 3)
(3, 3, 3, 4, 5, 3, 3)
(3, 3, 4, 5, 3, 3, 3)
(3, 3, 3, 3, 3, 3, 3)
(3, 3, 3, 3, 3, 3, 2)
(3, 3, 3, 3, 3, 2, 3)
(3, 3, 3, 3, 3, 9, 3)
(3, 3, 3, 3, 9, 3, 4)
(3, 2, 1, 3, 3, 3, 2)
(3, 3, 3, 9, 3, 4, 3)
(2, 1, 3, 3, 3, 2, 1)
(3, 3, 3, 3, 3, 3, 3)
(3, 3, 3, 3, 3, 3, 4)
(3, 3, 3, 3, 3, 4, 3)
(3, 4, 5, 3, 3, 3, 3)
(1, 3, 3, 3, 2, 1, 2)
(3, 3, 3, 3, 2, 3, 3)
(4, 5, 3, 3, 3, 3, 4)
(3, 3, 3, 2, 1, 2, 1)
(3, 3, 3, 2, 3, 3, 3)
(3, 3, 9, 3, 4, 3, 3)
(3, 9, 3, 4, 3, 3, 3)
(3, 3, 3, 3, 4, 3, 3)
(3, 3, 2, 1, 2, 1, 3)
(9, 3, 4, 3, 3, 3, 3)
(3, 2, 1, 2, 1, 3, 3)
(3, 4, 3, 3, 3, 3, 3)
(2, 1, 2, 1, 3, 3, 3)
(3, 3, 2, 3, 3, 3, 3)
(1, 2, 1, 3, 3, 3, 3)
(5, 3, 3, 3, 3, 4, 2)
(3, 3, 3, 3, 4, 2, 3)
(2, 1, 3, 3, 3, 3, 3)
(3, 3, 3, 4, 2, 3, 3)
(1, 3, 3, 3, 3, 3, 3)
(3, 3, 3, 3, 3, 3, 3)
(3, 3, 3, 3, 3, 3, 3)
(3, 3, 3, 3, 3, 3, 9)
(3, 3, 3, 3, 3, 9, 9)
(3, 3, 3, 3, 9, 9, 14)
(3, 3, 3, 9, 9, 14, 3)
(3, 3, 9, 9, 14, 3, 3)
(3, 9, 9, 14, 3, 3, 3)
(9, 9, 14, 3, 3, 3, 9)
(9, 14, 3, 3, 3, 9, 9)
(3, 3, 3, 3, 3, 3, 3)
(14, 3, 3, 3, 9, 9, 3)
(3, 3, 3, 9, 9, 3, 3)
(3, 3, 9, 9, 3, 3, 9)
(3, 9, 9, 3, 3, 9, 9)
(9, 9, 3, 3, 9, 9, 9)
(9, 3, 3, 9, 9, 9, 9)
(3, 3, 9, 9, 9, 9, 9)
(3, 9, 9, 9, 9, 9, 9)
(9, 9, 9, 9, 9, 9, 9)
(9, 9, 9, 9, 9, 9, 9)
(9, 9, 9, 9, 9, 9, 9)
(9, 9, 9, 9, 9, 9, 9)
(9, 9, 9, 9, 9, 9, 9)
(9, 9, 9, 9, 9, 9, 9)
(9, 9, 9, 9, 9, 9, 9)
(9, 9, 9, 9, 9, 9, 9)
(9, 9, 9, 9, 9, 9, 9)
(9, 9, 9, 9, 9, 9, 2)
(9, 9, 9, 9, 9, 2, 1)
(3, 3, 3, 4, 3, 3, 3)
(3, 3, 4, 3, 3, 3, 3)
(9, 9, 9, 9, 2, 1, 3)
(4, 3, 3, 3, 3, 3, 3)
(3, 3, 3, 3, 3, 3, 3)
(9, 9, 9, 2, 1, 3, 3)
(3, 3, 4, 2, 3, 3, 3)
(3, 4, 2, 3, 3, 3, 3)
(9, 9, 2, 1, 3, 3, 3)
(3, 2, 3, 3, 3, 3, 3)
(2, 3, 3, 3, 3, 3, 3)
(9, 2, 1, 3, 3, 3, 3)
(3, 4, 3, 3, 3, 3, 3)
(4, 3, 3, 3, 3, 3, 3)
(2, 1, 3, 3, 3, 3, 3)
(1, 3, 3, 3, 3, 3, 3)
(3, 3, 3, 3, 3, 3, 3)
(3, 3, 3, 3, 3, 3, 3)
(3, 3, 3, 3, 3, 3, 3)
(3, 3, 3, 3, 3, 3, 14)
(3, 3, 3, 3, 3, 14, 14)
(3, 3, 3, 3, 14, 14, 14)
(3, 3, 3, 14, 14, 14, 14)
(3, 3, 14, 14, 14, 14, 14)
(3, 14, 14, 14, 14, 14, 14)
(14, 14, 14, 14, 14, 14, 14)
(14, 14, 14, 14, 14, 14, 14)
(14, 14, 14, 14, 14, 14, 14)
(14, 14, 14, 14, 14, 14, 14)
(14, 14, 14, 14, 14, 14, 14)
(14, 14, 14, 14, 14, 14, 14)
(4, 2, 3, 3, 3, 3, 3)
(2, 3, 3, 3, 3, 3, 4)
(3, 3, 3, 3, 3, 4, 6)
(3, 3, 3, 3, 4, 6, 3)
(14, 14, 14, 14, 14, 14, 3)
(14, 14, 14, 14, 14, 3, 2)
(14, 14, 14, 14, 3, 2, 1)
(14, 14, 14, 3, 2, 1, 9)
(14, 14, 3, 2, 1, 9, 9)
(14, 3, 2, 1, 9, 9, 5)
(3, 2, 1, 9, 9, 5, 2)
(2, 1, 9, 9, 5, 2, 7)
(3, 3, 3, 3, 3, 3, 3)
(3, 3, 3, 3, 3, 3, 5)
(3, 3, 3, 3, 3, 5, 8)
(3, 3, 3, 3, 5, 8, 8)
(3, 3, 3, 3, 3, 3, 3)
(3, 3, 3, 3, 3, 3, 3)
(3, 3, 3, 5, 8, 8, 10)
(3, 3, 5, 8, 8, 10, 7)
(3, 5, 8, 8, 10, 7, 4)
(5, 8, 8, 10, 7, 4, 7)
(8, 8, 10, 7, 4, 7, 3)
(1, 9, 9, 5, 2, 7, 3)
(9, 9, 5, 2, 7, 3, 3)
(9, 5, 2, 7, 3, 3, 11)
(5, 2, 7, 3, 3, 11, 9)
(2, 7, 3, 3, 11, 9, 9)
(7, 3, 3, 11, 9, 9, 1)
(3, 3, 11, 9, 9, 1, 1)
(3, 11, 9, 9, 1, 1, 2)
(11, 9, 9, 1, 1, 2, 1)
(3, 3, 3, 3, 3, 3, 3)
(3, 3, 3, 3, 3, 3, 3)
(8, 10, 7, 4, 7, 3, 3)
(3, 3, 3, 3, 3, 3, 3)
(10, 7, 4, 7, 3, 3, 3)
(3, 3, 3, 4, 6, 3, 3)
(3, 3, 4, 6, 3, 3, 3)
(7, 4, 7, 3, 3, 3, 3)
(3, 3, 3, 3, 3, 3, 3)
(3, 3, 3, 3, 3, 3, 3)
(3, 3, 3, 3, 3, 3, 3)
(3, 3, 3, 3, 3, 3, 3)
(9, 9, 1, 1, 2, 1, 3)
(3, 3, 3, 3, 3, 3, 3)
(9, 1, 1, 2, 1, 3, 3)
(3, 3, 3, 3, 3, 3, 3)
(1, 1, 2, 1, 3, 3, 3)
(1, 2, 1, 3, 3, 3, 3)
(3, 4, 6, 3, 3, 3, 3)
(4, 6, 3, 3, 3, 3, 3)
(3, 3, 3, 3, 3, 3, 3)
(3, 3, 3, 3, 3, 3, 4)
(2, 1, 3, 3, 3, 3, 3)
(1, 3, 3, 3, 3, 3, 3)
(3, 3, 3, 3, 3, 4, 3)
(3, 3, 3, 3, 3, 3, 3)
(3, 3, 3, 3, 4, 3, 3)
(3, 3, 3, 3, 3, 3, 3)
(3, 3, 3, 3, 3, 3, 3)
(3, 3, 3, 3, 3, 3, 2)
(3, 3, 3, 3, 3, 2, 1)
(4, 7, 3, 3, 3, 3, 3)
(7, 3, 3, 3, 3, 3, 3)
(3, 3, 3, 3, 2, 1, 3)
(3, 3, 3, 3, 3, 3, 3)
(3, 3, 3, 3, 3, 3, 3)
(3, 3, 3, 2, 1, 3, 3)
(6, 3, 3, 3, 3, 3, 3)
(3, 3, 3, 3, 3, 3, 3)
(3, 3, 2, 1, 3, 3, 3)
(3, 3, 3, 4, 3, 3, 3)
(3, 3, 4, 3, 3, 3, 3)
(3, 2, 1, 3, 3, 3, 3)
(3, 3, 3, 3, 3, 3, 3)
(3, 3, 3, 3, 3, 3, 3)
(2, 1, 3, 3, 3, 3, 3)
(3, 3, 3, 3, 3, 3, 3)
(3, 3, 3, 3, 3, 3, 3)
(1, 3, 3, 3, 3, 3, 3)
(3, 3, 3, 3, 3, 3, 3)
(3, 3, 3, 3, 3, 3, 4)
(3, 3, 3, 3, 3, 4, 5)
(3, 3, 3, 3, 4, 5, 3)
(3, 3, 3, 3, 3, 3, 3)
(3, 3, 3, 3, 3, 3, 2)
(3, 4, 3, 3, 3, 3, 3)
(3, 3, 3, 3, 3, 2, 1)
(4, 3, 3, 3, 3, 3, 3)
(3, 3, 3, 3, 3, 3, 3)
(3, 3, 3, 3, 3, 3, 3)
(3, 3, 3, 3, 3, 3, 3)
(3, 3, 3, 3, 3, 3, 3)
(3, 3, 3, 3, 3, 3, 3)
(3, 3, 3, 3, 3, 3, 3)
(3, 3, 3, 3, 2, 1, 3)
(3, 3, 3, 4, 5, 3, 3)
(3, 3, 4, 5, 3, 3, 3)
(3, 3, 3, 3, 3, 3, 3)
(3, 3, 3, 3, 3, 3, 2)
(3, 3, 3, 3, 3, 2, 3)
(3, 3, 3, 3, 2, 3, 9)
(3, 3, 3, 3, 3, 3, 3)
(3, 3, 3, 2, 3, 9, 4)
(3, 3, 2, 3, 9, 4, 3)
(3, 3, 3, 3, 3, 3, 3)
(3, 4, 5, 3, 3, 3, 3)
(4, 5, 3, 3, 3, 3, 3)
(3, 3, 3, 2, 1, 3, 2)
(3, 3, 2, 1, 3, 2, 1)
(3, 2, 3, 9, 4, 3, 4)
(2, 3, 9, 4, 3, 4, 3)
(3, 3, 3, 3, 3, 3, 3)
(3, 3, 3, 3, 3, 3, 3)
(3, 3, 3, 3, 3, 3, 3)
(3, 3, 3, 3, 3, 3, 3)
(3, 9, 4, 3, 4, 3, 3)
(3, 2, 1, 3, 2, 1, 2)
(2, 1, 3, 2, 1, 2, 1)
(1, 3, 2, 1, 2, 1, 3)
(3, 2, 1, 2, 1, 3, 3)
(5, 3, 3, 3, 3, 3, 3)
(3, 3, 3, 3, 3, 3, 3)
(3, 3, 3, 3, 3, 3, 3)
(3, 3, 3, 3, 3, 3, 4)
(3, 3, 3, 3, 3, 3, 3)
(2, 1, 2, 1, 3, 3, 3)
(1, 2, 1, 3, 3, 3, 3)
(3, 3, 3, 3, 3, 4, 2)
(3, 3, 3, 3, 4, 2, 3)
(2, 1, 3, 3, 3, 3, 3)
(3, 3, 3, 4, 2, 3, 3)
(1, 3, 3, 3, 3, 3, 3)
(3, 3, 3, 3, 3, 3, 3)
(3, 3, 3, 3, 3, 3, 3)
(3, 3, 3, 3, 3, 3, 2)
(3, 3, 3, 3, 3, 2, 1)
(9, 4, 3, 4, 3, 3, 3)
(4, 3, 4, 3, 3, 3, 3)
(3, 3, 3, 3, 2, 1, 3)
(3, 3, 3, 3, 3, 3, 3)
(3, 3, 3, 3, 3, 3, 3)
(3, 3, 3, 2, 1, 3, 3)
(3, 3, 4, 2, 3, 3, 3)
(3, 4, 2, 3, 3, 3, 3)
(3, 3, 2, 1, 3, 3, 3)
(3, 3, 3, 3, 3, 3, 3)
(3, 3, 3, 3, 3, 3, 3)
(3, 2, 1, 3, 3, 3, 3)
(3, 4, 3, 3, 3, 3, 3)
(4, 3, 3, 3, 3, 3, 3)
(2, 1, 3, 3, 3, 3, 3)
(3, 3, 3, 3, 3, 3, 3)
(3, 3, 3, 3, 3, 3, 3)
(1, 3, 3, 3, 3, 3, 3)
(3, 3, 3, 3, 3, 3, 14)
(3, 3, 3, 3, 3, 14, 14)
(3, 3, 3, 3, 14, 14, 14)
(3, 3, 3, 14, 14, 14, 14)
(3, 3, 14, 14, 14, 14, 14)
(3, 14, 14, 14, 14, 14, 14)
(14, 14, 14, 14, 14, 14, 14)
(14, 14, 14, 14, 14, 14, 14)
(14, 14, 14, 14, 14, 14, 14)
(14, 14, 14, 14, 14, 14, 14)
(14, 14, 14, 14, 14, 14, 14)
(14, 14, 14, 14, 14, 14, 14)
(4, 2, 3, 3, 3, 3, 3)
(2, 3, 3, 3, 3, 3, 4)
(3, 3, 3, 3, 3, 4, 6)
(3, 3, 3, 3, 4, 6, 3)
(14, 14, 14, 14, 14, 14, 3)
(14, 14, 14, 14, 14, 3, 2)
(14, 14, 14, 14, 3, 2, 1)
(14, 14, 14, 3, 2, 1, 5)
(14, 14, 3, 2, 1, 5, 2)
(14, 3, 2, 1, 5, 2, 7)
(3, 3, 3, 3, 3, 3, 3)
(3, 3, 3, 3, 3, 3, 5)
(3, 3, 3, 3, 3, 5, 8)
(3, 3, 3, 3, 5, 8, 8)
(3, 3, 3, 5, 8, 8, 10)
(3, 3, 3, 3, 3, 3, 3)
(3, 3, 3, 3, 3, 3, 4)
(3, 3, 5, 8, 8, 10, 7)
(3, 5, 8, 8, 10, 7, 3)
(3, 3, 3, 3, 3, 4, 7)
(3, 3, 3, 3, 4, 7, 3)
(3, 2, 1, 5, 2, 7, 3)
(2, 1, 5, 2, 7, 3, 3)
(1, 5, 2, 7, 3, 3, 11)
(5, 2, 7, 3, 3, 11, 9)
(2, 7, 3, 3, 11, 9, 9)
(7, 3, 3, 11, 9, 9, 9)
(3, 3, 11, 9, 9, 9, 9)
(3, 3, 3, 3, 3, 3, 3)
(3, 3, 3, 3, 3, 3, 3)
(3, 3, 3, 3, 3, 3, 3)
(3, 3, 3, 3, 3, 3, 3)
(3, 3, 3, 3, 3, 3, 3)
(3, 11, 9, 9, 9, 9, 1)
(11, 9, 9, 9, 9, 1, 2)
(9, 9, 9, 9, 1, 2, 1)
(9, 9, 9, 1, 2, 1, 4)
(3, 3, 3, 3, 3, 3, 3)
(3, 3, 3, 3, 3, 3, 3)
(3, 3, 3, 3, 3, 3, 3)
(3, 3, 3, 3, 3, 3, 3)
(3, 3, 3, 3, 3, 3, 3)
(3, 3, 3, 3, 3, 3, 3)
(3, 3, 3, 3, 3, 3, 3)
(3, 3, 3, 3, 3, 3, 3)
(3, 3, 3, 3, 3, 3, 3)
(3, 3, 3, 3, 3, 3, 3)
(3, 3, 3, 3, 3, 3, 3)
(3, 3, 3, 3, 3, 3, 3)
(3, 3, 3, 3, 3, 3, 3)
(3, 3, 3, 3, 3, 3, 3)
(3, 3, 3, 3, 3, 3, 3)
(3, 3, 3, 3, 3, 3, 3)
(3, 3, 3, 3, 3, 3, 3)
(3, 3, 3, 3, 3, 3, 3)
(3, 3, 3, 3, 3, 3, 3)
(3, 3, 3, 3, 3, 3, 3)
(3, 3, 3, 3, 3, 3, 3)
(3, 3, 3, 3, 3, 3, 3)
(3, 3, 3, 3, 3, 3, 3)
(3, 3, 3, 3, 3, 3, 3)
(3, 3, 3, 3, 3, 3, 3)
(3, 3, 3, 3, 3, 3, 3)
(3, 3, 3, 3, 3, 3, 3)
(3, 3, 3, 3, 3, 3, 3)
(3, 3, 3, 3, 3, 3, 3)
(3, 3, 3, 3, 3, 3, 3)
(3, 3, 3, 3, 3, 3, 3)
(3, 3, 3, 3, 3, 3, 3)
(3, 3, 3, 3, 3, 3, 3)
(3, 3, 3, 3, 3, 3, 3)
(3, 3, 3, 3, 3, 3, 3)
(3, 3, 3, 3, 3, 3, 3)
(3, 3, 3, 3, 3, 3, 3)
(3, 3, 3, 3, 3, 3, 3)
(3, 3, 3, 3, 3, 3, 3)
(3, 3, 3, 3, 3, 3, 3)
(3, 3, 3, 3, 3, 3, 3)
(3, 3, 3, 3, 3, 3, 3)
(3, 3, 3, 3, 3, 3, 3)
(3, 3, 3, 3, 3, 3, 3)
(3, 3, 3, 3, 3, 3, 3)
(3, 3, 3, 3, 3, 3, 3)
(3, 3, 3, 3, 3, 3, 3)
(3, 3, 3, 3, 3, 3, 3)
(3, 3, 3, 3, 3, 3, 3)
(3, 3, 3, 3, 3, 3, 3)
(3, 3, 3, 3, 3, 3, 3)
(3, 3, 3, 3, 3, 3, 3)
(3, 3, 3, 3, 3, 3, 3)
(3, 3, 3, 3, 3, 3, 3)
(3, 3, 3, 3, 3, 3, 3)
(3, 3, 3, 3, 3, 3, 3)
(3, 3, 3, 3, 3, 3, 3)
(3, 3, 3, 3, 3, 3, 3)
(3, 3, 3, 3, 3, 3, 3)
(3, 3, 3, 3, 3, 3, 3)
(3, 3, 3, 3, 3, 3, 3)
(3, 3, 3, 3, 3, 3, 3)
(3, 3, 3, 3, 3, 3, 3)
(3, 3, 3, 3, 3, 3, 3)
(3, 3, 3, 3, 3, 3, 3)
(3, 3, 3, 3, 3, 3, 3)
(3, 3, 3, 3, 3, 3, 3)
(3, 3, 3, 3, 3, 3, 3)
(3, 3, 3, 3, 3, 3, 3)
(3, 3, 3, 3, 3, 3, 3)
(3, 3, 3, 3, 3, 3, 3)
(3, 3, 3, 3, 3, 3, 3)
(9, 9, 1, 2, 1, 4, 1)
(9, 1, 2, 1, 4, 1, 2)
(1, 2, 1, 4, 1, 2, 1)
(2, 1, 4, 1, 2, 1, 4)
(3, 3, 3, 3, 3, 3, 3)
(3, 3, 3, 3, 3, 3, 3)
(3, 3, 3, 3, 3, 3, 3)
(3, 3, 3, 3, 3, 3, 3)
(1, 4, 1, 2, 1, 4, 3)
(3, 3, 3, 3, 3, 3, 3)
(3, 3, 3, 3, 3, 3, 3)
(3, 3, 3, 3, 3, 3, 3)
(3, 3, 3, 3, 3, 3, 3)
(3, 3, 3, 3, 3, 3, 3)
(3, 3, 3, 3, 3, 3, 3)
(3, 3, 3, 3, 3, 3, 3)
(3, 3, 3, 3, 3, 3, 3)
(3, 3, 3, 3, 3, 3, 3)
(3, 3, 3, 3, 3, 3, 3)
(3, 3, 3, 3, 3, 3, 3)
(3, 3, 3, 3, 3, 3, 3)
(3, 3, 3, 3, 3, 3, 3)
(3, 3, 3, 3, 3, 3, 3)
(3, 3, 3, 3, 3, 3, 3)
(3, 3, 3, 3, 3, 3, 3)
(3, 3, 3, 3, 3, 3, 3)
(3, 3, 3, 3, 3, 3, 3)
(3, 3, 3, 3, 3, 3, 3)
(3, 3, 3, 3, 3, 3, 3)
(3, 3, 3, 3, 3, 3, 3)
(3, 3, 3, 3, 3, 3, 3)
(3, 3, 3, 3, 3, 3, 3)
(3, 3, 3, 3, 3, 3, 3)
(3, 3, 3, 3, 3, 3, 3)
(3, 3, 3, 3, 3, 3, 3)
(3, 3, 3, 3, 3, 3, 3)
(3, 3, 3, 3, 3, 3, 3)
(3, 3, 3, 3, 3, 3, 3)
(3, 3, 3, 3, 3, 3, 3)
(3, 3, 3, 3, 3, 3, 3)
(3, 3, 3, 3, 3, 3, 3)
(3, 3, 3, 3, 3, 3, 3)
(3, 3, 3, 3, 3, 3, 3)
(3, 3, 3, 3, 3, 3, 3)
(3, 3, 3, 3, 3, 3, 3)
(3, 3, 3, 3, 3, 3, 3)
(3, 3, 3, 3, 3, 3, 3)
(3, 3, 3, 3, 3, 3, 3)
(3, 3, 3, 3, 3, 3, 3)
(3, 3, 3, 3, 3, 3, 3)
(3, 3, 3, 3, 3, 3, 3)
(3, 3, 3, 3, 3, 3, 3)
(3, 3, 3, 3, 3, 3, 3)
(3, 3, 3, 3, 3, 3, 3)
(3, 3, 3, 3, 3, 3, 3)
(3, 3, 3, 3, 3, 3, 3)
(3, 3, 3, 3, 3, 3, 3)
(3, 3, 3, 3, 3, 3, 3)
(3, 3, 3, 3, 3, 3, 3)
(4, 1, 2, 1, 4, 3, 1)
(1, 2, 1, 4, 3, 1, 2)
(2, 1, 4, 3, 1, 2, 1)
(1, 4, 3, 1, 2, 1, 4)
(3, 3, 3, 3, 3, 3, 3)
(3, 3, 3, 3, 3, 3, 3)
(4, 3, 1, 2, 1, 4, 2)
(3, 1, 2, 1, 4, 2, 1)
(3, 3, 3, 3, 3, 3, 3)
(1, 2, 1, 4, 2, 1, 4)
(3, 3, 3, 3, 3, 3, 3)
(3, 3, 3, 3, 3, 3, 3)
(2, 1, 4, 2, 1, 4, 3)
(3, 3, 3, 3, 3, 3, 3)
(3, 3, 3, 3, 3, 3, 3)
(1, 4, 2, 1, 4, 3, 3)
(3, 3, 3, 3, 3, 3, 3)
(4, 2, 1, 4, 3, 3, 3)
(3, 3, 3, 3, 3, 3, 3)
(2, 1, 4, 3, 3, 3, 3)
(1, 4, 3, 3, 3, 3, 3)
(4, 3, 3, 3, 3, 3, 3)
(3, 3, 3, 3, 3, 3, 3)
(3, 3, 3, 3, 3, 3, 3)
(3, 3, 3, 3, 3, 3, 3)
(3, 3, 3, 3, 3, 3, 27)
(3, 3, 3, 3, 3, 27, 9)
(3, 3, 3, 3, 3, 3, 3)
(3, 3, 3, 3, 3, 3, 3)
(3, 3, 3, 3, 3, 3, 27)
(3, 3, 3, 3, 3, 3, 3)
(3, 3, 3, 3, 3, 3, 3)
(3, 3, 3, 3, 27, 9, 3)
(3, 3, 3, 3, 3, 27, 9)
(3, 3, 3, 3, 3, 3, 23)
(3, 3, 3, 3, 3, 3, 23)
(3, 3, 3, 27, 9, 3, 23)
(3, 3, 3, 3, 27, 9, 23)
(3, 3, 3, 3, 3, 23, 23)
(3, 3, 3, 27, 9, 23, 27)
(3, 3, 3, 3, 3, 23, 23)
(3, 3, 3, 3, 23, 23, 27)
(3, 3, 27, 9, 3, 23, 23)
(3, 3, 27, 9, 23, 27, 9)
(3, 3, 3, 23, 23, 27, 9)
(3, 27, 9, 3, 23, 23, 3)
(3, 27, 9, 23, 27, 9, 27)
(3, 3, 23, 23, 27, 9, 27)
(27, 9, 3, 23, 23, 3, 27)
(3, 3, 3, 3, 23, 23, 27)
(27, 9, 23, 27, 9, 27, 9)
(3, 23, 23, 27, 9, 27, 9)
(23, 23, 27, 9, 27, 9, 27)
(9, 3, 23, 23, 3, 27, 9)
(3, 23, 23, 3, 27, 9, 3)
(3, 3, 3, 23, 23, 27, 9)
(3, 3, 23, 23, 27, 9, 3)
(23, 23, 3, 27, 9, 3, 3)
(23, 3, 27, 9, 3, 3, 27)
(9, 23, 27, 9, 27, 9, 27)
(23, 27, 9, 27, 9, 27, 9)
(27, 9, 27, 9, 27, 9, 27)
(3, 23, 23, 27, 9, 3, 27)
(9, 27, 9, 27, 9, 27, 9)
(23, 27, 9, 27, 9, 27, 9)
(3, 27, 9, 3, 3, 27, 9)
(27, 9, 27, 9, 27, 9, 27)
(27, 9, 27, 9, 27, 9, 27)
(27, 9, 3, 3, 27, 9, 27)
(9, 27, 9, 27, 9, 27, 9)
(9, 3, 3, 27, 9, 27, 9)
(23, 23, 27, 9, 3, 27, 9)
(3, 3, 3, 3, 3, 3, 1)
(3, 3, 3, 3, 3, 1, 2)
(3, 3, 3, 3, 1, 2, 1)
(3, 3, 27, 9, 27, 9, 27)
(23, 27, 9, 3, 27, 9, 27)
(9, 27, 9, 27, 9, 27, 9)
(3, 27, 9, 27, 9, 27, 9)
(27, 9, 27, 9, 27, 9, 3)
(27, 9, 3, 27, 9, 27, 9)
(9, 27, 9, 27, 9, 3, 3)
(9, 3, 27, 9, 27, 9, 3)
(3, 3, 3, 1, 2, 1, 14)
(3, 27, 9, 27, 9, 3, 23)
(27, 9, 27, 9, 3, 23, 23)
(9, 27, 9, 3, 23, 23, 23)
(3, 3, 1, 2, 1, 14, 9)
(27, 9, 27, 9, 3, 3, 27)
(27, 9, 3, 23, 23, 23, 23)
(3, 1, 2, 1, 14, 9, 9)
(1, 2, 1, 14, 9, 9, 9)
(9, 3, 23, 23, 23, 23, 23)
(27, 9, 27, 9, 27, 9, 27)
(9, 27, 9, 3, 3, 27, 27)
(2, 1, 14, 9, 9, 9, 9)
(27, 9, 27, 9, 27, 9, 27)
(3, 23, 23, 23, 23, 23, 23)
(27, 9, 3, 3, 27, 27, 27)
(9, 27, 9, 27, 9, 27, 27)
(1, 14, 9, 9, 9, 9, 9)
(23, 23, 23, 23, 23, 23, 23)
(9, 3, 3, 27, 27, 27, 27)
(14, 9, 9, 9, 9, 9, 9)
(23, 23, 23, 23, 23, 23, 23)
(27, 9, 27, 9, 27, 27, 27)
(9, 9, 9, 9, 9, 9, 9)
(9, 27, 9, 27, 9, 27, 27)
(27, 9, 27, 9, 27, 27, 27)
(23, 23, 23, 23, 23, 23, 23)
(23, 23, 23, 23, 23, 23, 23)
(9, 27, 9, 27, 27, 27, 27)
(9, 27, 9, 27, 27, 27, 27)
(27, 9, 27, 27, 27, 27, 27)
(27, 9, 27, 27, 27, 27, 3)
(9, 9, 9, 9, 9, 9, 4)
(3, 3, 27, 27, 27, 27, 3)
(9, 27, 27, 27, 27, 27, 3)
(23, 23, 23, 23, 23, 23, 23)
(9, 9, 9, 9, 9, 4, 3)
(27, 27, 27, 27, 27, 3, 3)
(9, 9, 9, 9, 4, 3, 3)
(9, 27, 27, 27, 27, 3, 3)
(23, 23, 23, 23, 23, 23, 3)
(9, 9, 9, 4, 3, 3, 3)
(23, 23, 23, 23, 23, 3, 3)
(27, 27, 27, 27, 3, 3, 3)
(9, 9, 4, 3, 3, 3, 3)
(9, 4, 3, 3, 3, 3, 3)
(4, 3, 3, 3, 3, 3, 3)
(3, 27, 27, 27, 27, 3, 3)
(27, 27, 27, 27, 3, 3, 3)
(3, 3, 3, 3, 3, 3, 3)
(27, 27, 27, 27, 3, 3, 3)
(27, 27, 27, 3, 3, 3, 3)
(23, 23, 23, 23, 3, 3, 3)
(27, 27, 27, 3, 3, 3, 3)
(27, 27, 27, 3, 3, 3, 3)
(23, 23, 23, 3, 3, 3, 3)
(27, 27, 3, 3, 3, 3, 3)
(3, 3, 3, 3, 3, 3, 3)
(27, 27, 3, 3, 3, 3, 3)
(27, 3, 3, 3, 3, 3, 3)
(3, 3, 3, 3, 3, 3, 3)
(27, 3, 3, 3, 3, 3, 3)
(3, 3, 3, 3, 3, 3, 3)
(3, 3, 3, 3, 3, 3, 3)
(3, 3, 3, 3, 3, 3, 3)
(3, 3, 3, 3, 3, 3, 3)
(3, 3, 3, 3, 3, 3, 3)
(3, 3, 3, 3, 3, 3, 3)
(3, 3, 3, 3, 3, 3, 3)
(3, 3, 3, 3, 3, 3, 3)
(3, 3, 3, 3, 3, 3, 3)
(3, 3, 3, 3, 3, 3, 3)
(3, 3, 3, 3, 3, 3, 3)
(3, 3, 3, 3, 3, 3, 3)
(3, 3, 3, 3, 3, 3, 3)
(3, 3, 3, 3, 3, 3, 3)
(3, 3, 3, 3, 3, 3, 3)
(3, 3, 3, 3, 3, 3, 3)
(3, 3, 3, 3, 3, 3, 3)
(3, 3, 3, 3, 3, 3, 3)
(3, 3, 3, 3, 3, 3, 3)
(3, 3, 3, 3, 3, 3, 3)
(3, 3, 3, 3, 3, 3, 3)
(3, 3, 3, 3, 3, 3, 3)
(23, 23, 3, 3, 3, 3, 3)
(3, 3, 3, 3, 3, 3, 3)
(3, 3, 3, 3, 3, 3, 3)
(3, 3, 3, 3, 3, 3, 3)
(3, 3, 3, 3, 3, 3, 3)
(27, 27, 3, 3, 3, 3, 3)
(3, 3, 3, 3, 3, 3, 3)
(23, 3, 3, 3, 3, 3, 3)
(3, 3, 3, 3, 3, 3, 3)
(3, 3, 3, 3, 3, 3, 3)
(3, 3, 3, 3, 3, 3, 3)
(3, 3, 3, 3, 3, 3, 3)
(3, 3, 3, 3, 3, 3, 3)
(3, 3, 3, 3, 3, 3, 3)
(3, 3, 3, 3, 3, 3, 3)
(3, 3, 3, 3, 3, 3, 3)
(3, 3, 3, 3, 3, 3, 3)
(3, 3, 3, 3, 3, 3, 3)
(3, 3, 3, 3, 3, 3, 3)
(3, 3, 3, 3, 3, 3, 3)
(3, 3, 3, 3, 3, 3, 3)
(3, 3, 3, 3, 3, 3, 3)
(3, 3, 3, 3, 3, 3, 3)
(3, 3, 3, 3, 3, 3, 3)
(3, 3, 3, 3, 3, 3, 3)
(3, 3, 3, 3, 3, 3, 3)
(3, 3, 3, 3, 3, 3, 3)
(3, 3, 3, 3, 3, 3, 3)
(3, 3, 3, 3, 3, 3, 3)
(3, 3, 3, 3, 3, 3, 3)
(3, 3, 3, 3, 3, 3, 3)
(27, 3, 3, 3, 3, 3, 3)
(3, 3, 3, 3, 3, 3, 3)
(3, 3, 3, 3, 3, 3, 3)
(3, 3, 3, 3, 3, 3, 3)
(3, 3, 3, 3, 3, 3, 3)
(3, 3, 3, 3, 3, 3, 3)
(3, 3, 3, 3, 3, 3, 3)
(3, 3, 3, 3, 3, 3, 3)
(3, 3, 3, 3, 3, 3, 3)
(3, 3, 3, 3, 3, 3, 3)
(3, 3, 3, 3, 3, 3, 3)
(3, 3, 3, 3, 3, 3, 3)
(3, 3, 3, 3, 3, 3, 3)
(3, 3, 3, 3, 3, 3, 3)
(3, 3, 3, 3, 3, 3, 3)
(3, 3, 3, 3, 3, 3, 3)
(3, 3, 3, 3, 3, 3, 3)
(3, 3, 3, 3, 3, 3, 3)
(3, 3, 3, 3, 3, 3, 3)
(3, 3, 3, 3, 3, 3, 3)
(3, 3, 3, 3, 3, 3, 3)
(3, 3, 3, 3, 3, 3, 3)
(3, 3, 3, 3, 3, 3, 3)
(3, 3, 3, 3, 3, 3, 3)
(3, 3, 3, 3, 3, 3, 3)
(3, 3, 3, 3, 3, 3, 3)
(3, 3, 3, 3, 3, 3, 3)
(3, 3, 3, 3, 3, 3, 3)
(3, 3, 3, 3, 3, 3, 3)
(3, 3, 3, 3, 3, 3, 3)
(3, 3, 3, 3, 3, 3, 3)
(3, 3, 3, 3, 3, 3, 3)
(3, 3, 3, 3, 3, 3, 3)
(3, 3, 3, 3, 3, 3, 3)
(3, 3, 3, 3, 3, 3, 3)
(3, 3, 3, 3, 3, 3, 3)
(3, 3, 3, 3, 3, 3, 3)
(3, 3, 3, 3, 3, 3, 3)
(3, 3, 3, 3, 3, 3, 3)
(3, 3, 3, 3, 3, 3, 3)
(3, 3, 3, 3, 3, 3, 3)
(3, 3, 3, 3, 3, 3, 3)
(3, 3, 3, 3, 3, 3, 3)
(3, 3, 3, 3, 3, 3, 3)
(3, 3, 3, 3, 3, 3, 3)
(3, 3, 3, 3, 3, 3, 3)
(3, 3, 3, 3, 3, 3, 3)
(3, 3, 3, 3, 3, 3, 3)
(3, 3, 3, 3, 3, 3, 3)
(3, 3, 3, 3, 3, 3, 3)
(3, 3, 3, 3, 3, 3, 3)
(3, 3, 3, 3, 3, 3, 3)
(3, 3, 3, 3, 3, 3, 3)
(3, 3, 3, 3, 3, 3, 3)
(3, 3, 3, 3, 3, 3, 3)
(3, 3, 3, 3, 3, 3, 3)
(3, 3, 3, 3, 3, 3, 3)
(3, 3, 3, 3, 3, 3, 3)
(3, 3, 3, 3, 3, 3, 3)
(3, 3, 3, 3, 3, 3, 3)
(3, 3, 3, 3, 3, 3, 3)
(3, 3, 3, 3, 3, 3, 3)
(3, 3, 3, 3, 3, 3, 3)
(3, 3, 3, 3, 3, 3, 3)
(3, 3, 3, 3, 3, 3, 3)
(3, 3, 3, 3, 3, 3, 3)
(3, 3, 3, 3, 3, 3, 3)
(3, 3, 3, 3, 3, 3, 3)
(3, 3, 3, 3, 3, 3, 3)
(3, 3, 3, 3, 3, 3, 3)
(3, 3, 3, 3, 3, 3, 3)
(3, 3, 3, 3, 3, 3, 3)
(3, 3, 3, 3, 3, 3, 3)
(3, 3, 3, 3, 3, 3, 3)
(3, 3, 3, 3, 3, 3, 3)
(3, 3, 3, 3, 3, 3, 3)
(3, 3, 3, 3, 3, 3, 3)
(3, 3, 3, 3, 3, 3, 3)
(3, 3, 3, 3, 3, 3, 3)
(3, 3, 3, 3, 3, 3, 3)
(3, 3, 3, 3, 3, 3, 3)
(3, 3, 3, 3, 3, 3, 3)
(3, 3, 3, 3, 3, 3, 3)
(3, 3, 3, 3, 3, 3, 3)
(3, 3, 3, 3, 3, 3, 3)
(3, 3, 3, 3, 3, 3, 3)
(3, 3, 3, 3, 3, 3, 3)
(3, 3, 3, 3, 3, 3, 3)
(3, 3, 3, 3, 3, 3, 3)
(3, 3, 3, 3, 3, 3, 3)
(3, 3, 3, 3, 3, 3, 3)
(3, 3, 3, 3, 3, 3, 3)
(3, 3, 3, 3, 3, 3, 3)
(3, 3, 3, 3, 3, 3, 3)
(3, 3, 3, 3, 3, 3, 3)
(3, 3, 3, 3, 3, 3, 3)
(3, 3, 3, 3, 3, 3, 3)
(3, 3, 3, 3, 3, 3, 3)
(3, 3, 3, 3, 3, 3, 3)
(3, 3, 3, 3, 3, 3, 3)
(3, 3, 3, 3, 3, 3, 3)
(3, 3, 3, 3, 3, 3, 3)
(3, 3, 3, 3, 3, 3, 3)
(3, 3, 3, 3, 3, 3, 3)
(3, 3, 3, 3, 3, 3, 3)
(3, 3, 3, 3, 3, 3, 3)
(3, 3, 3, 3, 3, 3, 3)
(3, 3, 3, 3, 3, 3, 3)
(3, 3, 3, 3, 3, 3, 3)
(3, 3, 3, 3, 3, 3, 3)
(3, 3, 3, 3, 3, 3, 3)
(3, 3, 3, 3, 3, 3, 3)
(3, 3, 3, 3, 3, 3, 3)
(3, 3, 3, 3, 3, 3, 3)
(3, 3, 3, 3, 3, 3, 3)
(3, 3, 3, 3, 3, 3, 3)
(3, 3, 3, 3, 3, 3, 3)
(3, 3, 3, 3, 3, 3, 3)
(3, 3, 3, 3, 3, 3, 3)
(3, 3, 3, 3, 3, 3, 3)
(3, 3, 3, 3, 3, 3, 3)
(3, 3, 3, 3, 3, 3, 3)
(3, 3, 3, 3, 3, 3, 3)
(3, 3, 3, 3, 3, 3, 3)
(3, 3, 3, 3, 3, 3, 3)
(3, 3, 3, 3, 3, 3, 3)
(3, 3, 3, 3, 3, 3, 3)
(3, 3, 3, 3, 3, 3, 3)
(3, 3, 3, 3, 3, 3, 3)
(3, 3, 3, 3, 3, 3, 3)
(3, 3, 3, 3, 3, 3, 3)
(3, 3, 3, 3, 3, 3, 3)
(3, 3, 3, 3, 3, 3, 3)
(3, 3, 3, 3, 3, 3, 3)
(3, 3, 3, 3, 3, 3, 3)
(3, 3, 3, 3, 3, 3, 3)
(3, 3, 3, 3, 3, 3, 3)
(3, 3, 3, 3, 3, 3, 9)
(3, 3, 3, 3, 3, 9, 23)
(3, 3, 3, 3, 9, 23, 24)
(3, 3, 3, 3, 3, 3, 3)
(3, 3, 3, 3, 3, 3, 3)
(3, 3, 3, 3, 3, 3, 3)
(3, 3, 3, 3, 3, 3, 3)
(3, 3, 3, 3, 3, 3, 3)
(3, 3, 3, 3, 3, 3, 3)
(3, 3, 3, 3, 3, 3, 3)
(3, 3, 3, 3, 3, 3, 3)
(3, 3, 3, 3, 3, 3, 3)
(3, 3, 3, 3, 3, 3, 3)
(3, 3, 3, 3, 3, 3, 9)
(3, 3, 3, 3, 3, 9, 23)
(3, 3, 3, 3, 9, 23, 24)
(3, 3, 3, 3, 3, 3, 9)
(3, 3, 3, 3, 3, 9, 23)
(3, 3, 3, 3, 9, 23, 24)
(3, 3, 3, 3, 3, 3, 3)
(3, 3, 3, 3, 3, 3, 9)
(3, 3, 3, 3, 3, 9, 23)
(3, 3, 3, 3, 9, 23, 24)
(3, 3, 3, 9, 23, 24, 3)
(3, 3, 3, 9, 23, 24, 3)
(3, 3, 9, 23, 24, 3, 9)
(3, 9, 23, 24, 3, 9, 23)
(3, 3, 9, 23, 24, 3, 3)
(9, 23, 24, 3, 9, 23, 24)
(23, 24, 3, 9, 23, 24, 3)
(3, 9, 23, 24, 3, 3, 3)
(3, 3, 3, 3, 3, 3, 3)
(3, 3, 3, 3, 3, 3, 9)
(3, 3, 3, 3, 3, 9, 23)
(9, 23, 24, 3, 3, 3, 3)
(3, 3, 3, 3, 9, 23, 24)
(3, 3, 3, 9, 23, 24, 3)
(3, 3, 3, 9, 23, 24, 3)
(3, 3, 9, 23, 24, 3, 3)
(3, 3, 9, 23, 24, 3, 9)
(3, 9, 23, 24, 3, 9, 23)
(23, 24, 3, 3, 3, 3, 3)
(9, 23, 24, 3, 9, 23, 24)
(23, 24, 3, 9, 23, 24, 3)
(3, 3, 3, 9, 23, 24, 3)
(3, 3, 9, 23, 24, 3, 9)
(24, 3, 9, 23, 24, 3, 3)
(3, 9, 23, 24, 3, 9, 23)
(9, 23, 24, 3, 9, 23, 24)
(24, 3, 3, 3, 3, 3, 3)
(24, 3, 9, 23, 24, 3, 27)
(23, 24, 3, 9, 23, 24, 27)
(24, 3, 9, 23, 24, 27, 27)
(3, 9, 23, 24, 27, 27, 27)
(3, 3, 3, 3, 3, 3, 27)
(9, 23, 24, 27, 27, 27, 3)
(3, 9, 23, 24, 3, 3, 3)
(23, 24, 27, 27, 27, 3, 3)
(9, 23, 24, 3, 3, 3, 3)
(24, 27, 27, 27, 3, 3, 3)
