(1, 1, 2, 1, 3, 3, 3)
(1, 2, 1, 3, 3, 3, 3)
(2, 1, 3, 3, 3, 3, 3)
(1, 3, 3, 3, 3, 3, 3)
(3, 3, 3, 3, 3, 3, 3)
(3, 3, 3, 3, 3, 3, 2)
(3, 3, 3, 3, 3, 2, 1)
(3, 3, 3, 3, 2, 1, 3)
(3, 3, 3, 2, 1, 3, 3)
(3, 3, 2, 1, 3, 3, 3)
(3, 2, 1, 3, 3, 3, 3)
(3, 3, 3, 3, 3, 3, 3)
(3, 4, 3, 3, 3, 3, 3)
(2, 1, 3, 3, 3, 3, 3)
(1, 3, 3, 3, 3, 3, 3)
(4, 3, 3, 3, 3, 3, 3)
(3, 3, 3, 3, 3, 3, 3)
(3, 3, 3, 3, 3, 3, 3)
(3, 3, 3, 3, 3, 3, 3)
(3, 3, 3, 3, 3, 3, 3)
(3, 3, 3, 3, 3, 3, 3)
(3, 3, 3, 3, 3, 3, 4)
(3, 3, 3, 3, 3, 4, 5)
(3, 3, 3, 3, 4, 5, 3)
(3, 3, 3, 3, 3, 3, 3)
(3, 3, 3, 3, 3, 3, 2)
(3, 3, 3, 3, 3, 2, 1)
(3, 3, 3, 3, 3, 3, 3)
(3, 3, 3, 3, 2, 1, 3)
(3, 3, 3, 3, 3, 3, 3)
(3, 3, 3, 3, 3, 3, 3)
(3, 3, 3, 2, 1, 3, 3)
(3, 3, 3, 3, 3, 3, 3)
(3, 3, 3, 3, 3, 3, 3)
(3, 3, 3, 4, 5, 3, 3)
(3, 3, 4, 5, 3, 3, 3)
(3, 3, 3, 3, 3, 3, 3)
(3, 3, 3, 3, 3, 3, 3)
(3, 3, 3, 3, 3, 3, 3)
(3, 3, 3, 3, 3, 3, 2)
(3, 3, 3, 3, 3, 2, 4)
(3, 3, 3, 3, 2, 4, 3)
(3, 3, 2, 1, 3, 3, 2)
(3, 3, 3, 3, 3, 3, 3)
(3, 3, 3, 2, 4, 3, 3)
(3, 4, 5, 3, 3, 3, 3)
(4, 5, 3, 3, 3, 3, 4)
(5, 3, 3, 3, 3, 4, 3)
(3, 3, 3, 3, 3, 3, 3)
(3, 3, 3, 3, 3, 3, 3)
(3, 3, 3, 3, 3, 3, 3)
(3, 3, 3, 3, 3, 3, 3)
(3, 2, 1, 3, 3, 2, 1)
(3, 3, 2, 4, 3, 3, 3)
(3, 3, 3, 3, 4, 3, 3)
(3, 2, 4, 3, 3, 3, 3)
(3, 3, 3, 4, 3, 3, 3)
(2, 1, 3, 3, 2, 1, 2)
(1, 3, 3, 2, 1, 2, 1)
(3, 3, 2, 1, 2, 1, 3)
(3, 2, 1, 2, 1, 3, 3)
(3, 3, 3, 3, 3, 3, 3)
(3, 3, 3, 3, 3, 3, 3)
(3, 3, 3, 3, 3, 3, 3)
(3, 3, 3, 3, 3, 3, 4)
(2, 4, 3, 3, 3, 3, 3)
(2, 1, 2, 1, 3, 3, 3)
(3, 3, 3, 3, 3, 4, 2)
(1, 2, 1, 3, 3, 3, 3)
(3, 3, 3, 3, 4, 2, 3)
(2, 1, 3, 3, 3, 3, 3)
(1, 3, 3, 3, 3, 3, 3)
(3, 3, 3, 3, 3, 3, 3)
(3, 3, 3, 3, 3, 3, 3)
(3, 3, 3, 3, 3, 3, 2)
(3, 3, 4, 3, 3, 3, 3)
(3, 3, 3, 3, 3, 2, 1)
(3, 4, 3, 3, 3, 3, 3)
(3, 3, 3, 3, 2, 1, 3)
(3, 3, 3, 3, 3, 3, 3)
(3, 3, 3, 3, 3, 3, 3)
(3, 3, 3, 2, 1, 3, 3)
(3, 3, 3, 4, 2, 3, 3)
(3, 3, 4, 2, 3, 3, 3)
(3, 3, 2, 1, 3, 3, 3)
(4, 3, 3, 3, 3, 3, 3)
(3, 3, 3, 3, 3, 3, 3)
(3, 2, 1, 3, 3, 3, 3)
(4, 3, 3, 3, 3, 3, 3)
(3, 3, 3, 3, 3, 3, 3)
(2, 1, 3, 3, 3, 3, 3)
(3, 3, 3, 3, 3, 3, 3)
(3, 3, 3, 3, 3, 3, 3)
(1, 3, 3, 3, 3, 3, 3)
(3, 3, 3, 3, 3, 3, 14)
(3, 3, 3, 3, 3, 14, 14)
(3, 3, 3, 3, 14, 14, 14)
(3, 3, 3, 14, 14, 14, 14)
(3, 3, 14, 14, 14, 14, 14)
(3, 14, 14, 14, 14, 14, 14)
(14, 14, 14, 14, 14, 14, 14)
(14, 14, 14, 14, 14, 14, 14)
(14, 14, 14, 14, 14, 14, 14)
(14, 14, 14, 14, 14, 14, 14)
(3, 27, 9, 27, 9, 27, 9)
(27, 9, 27, 9, 27, 9, 27)
(9, 27, 9, 27, 9, 27, 9)
(27, 9, 27, 9, 27, 9, 3)
(14, 14, 14, 14, 14, 14, 14)
(14, 14, 14, 14, 14, 14, 3)
(14, 14, 14, 14, 14, 3, 3)
(14, 14, 14, 14, 3, 3, 3)
(14, 14, 14, 3, 3, 3, 3)
(14, 14, 3, 3, 3, 3, 3)
(14, 3, 3, 3, 3, 3, 9)
(3, 3, 3, 3, 3, 9, 9)
(3, 3, 3, 3, 9, 9, 9)
(3, 3, 3, 9, 9, 9, 9)
(3, 3, 9, 9, 9, 9, 14)
(3, 9, 9, 9, 9, 14, 14)
(3, 4, 2, 3, 3, 3, 3)
(4, 2, 3, 3, 3, 3, 4)
(2, 3, 3, 3, 3, 4, 6)
(3, 3, 3, 3, 4, 6, 3)
(9, 9, 9, 9, 14, 14, 3)
(9, 9, 9, 14, 14, 3, 2)
(9, 9, 14, 14, 3, 2, 1)
(9, 14, 14, 3, 2, 1, 5)
(3, 3, 3, 3, 3, 3, 3)
(3, 3, 3, 3, 3, 3, 5)
(3, 3, 3, 3, 3, 5, 8)
(14, 14, 3, 2, 1, 5, 2)
(14, 3, 2, 1, 5, 2, 7)
(3, 3, 3, 3, 5, 8, 8)
(3, 3, 3, 5, 8, 8, 9)
(3, 3, 3, 3, 3, 3, 3)
(3, 3, 3, 3, 3, 3, 4)
(3, 3, 5, 8, 8, 9, 10)
(3, 5, 8, 8, 9, 10, 7)
(3, 3, 3, 3, 3, 4, 7)
(5, 8, 8, 9, 10, 7, 3)
(3, 3, 3, 3, 4, 7, 3)
(8, 8, 9, 10, 7, 3, 3)
(3, 2, 1, 5, 2, 7, 3)
(2, 1, 5, 2, 7, 3, 3)
(3, 3, 3, 4, 7, 3, 3)
(3, 3, 4, 7, 3, 3, 3)
(1, 5, 2, 7, 3, 3, 3)
(5, 2, 7, 3, 3, 3, 3)
(2, 7, 3, 3, 3, 3, 3)
(7, 3, 3, 3, 3, 3, 11)
(3, 3, 3, 3, 3, 11, 1)
(3, 3, 3, 3, 11, 1, 37)
(3, 3, 3, 11, 1, 37, 37)
(3, 3, 11, 1, 37, 37, 2)
(3, 11, 1, 37, 37, 2, 1)
(11, 1, 37, 37, 2, 1, 38)
(1, 37, 37, 2, 1, 38, 4)
(37, 37, 2, 1, 38, 4, 4)
(37, 2, 1, 38, 4, 4, 2)
(2, 1, 38, 4, 4, 2, 39)
(1, 38, 4, 4, 2, 39, 1)
(38, 4, 4, 2, 39, 1, 1)
(4, 4, 2, 39, 1, 1, 2)
(4, 2, 39, 1, 1, 2, 1)
(2, 39, 1, 1, 2, 1, 3)
(3, 3, 3, 3, 3, 3, 3)
(3, 3, 3, 3, 3, 3, 3)
(39, 1, 1, 2, 1, 3, 3)
(3, 4, 7, 3, 3, 3, 3)
(4, 7, 3, 3, 3, 3, 4)
(7, 3, 3, 3, 3, 4, 3)
(1, 1, 2, 1, 3, 3, 2)
(1, 2, 1, 3, 3, 2, 1)
(8, 9, 10, 7, 3, 3, 3)
(9, 10, 7, 3, 3, 3, 3)
(3, 3, 3, 3, 3, 3, 3)
(3, 3, 3, 4, 6, 3, 3)
(3, 3, 4, 6, 3, 3, 3)
(10, 7, 3, 3, 3, 3, 3)
(3, 4, 6, 3, 3, 3, 3)
(7, 3, 3, 3, 3, 3, 4)
(3, 3, 3, 3, 3, 4, 3)
(4, 6, 3, 3, 3, 3, 3)
(3, 3, 3, 3, 4, 3, 3)
(3, 3, 3, 4, 3, 3, 3)
(3, 3, 3, 3, 3, 3, 3)
(3, 3, 3, 3, 3, 3, 3)
(2, 1, 3, 3, 2, 1, 3)
(3, 3, 3, 3, 3, 3, 3)
(3, 3, 3, 3, 4, 3, 3)
(1, 3, 3, 2, 1, 3, 3)
(3, 3, 2, 1, 3, 3, 3)
(3, 2, 1, 3, 3, 3, 3)
(2, 1, 3, 3, 3, 3, 3)
(1, 3, 3, 3, 3, 3, 2)
(3, 3, 3, 3, 3, 2, 1)
(6, 3, 3, 3, 3, 3, 3)
(3, 3, 3, 3, 3, 3, 3)
(3, 3, 3, 3, 2, 1, 3)
(3, 3, 3, 4, 3, 3, 3)
(3, 3, 4, 3, 3, 3, 3)
(3, 3, 3, 2, 1, 3, 3)
(3, 3, 4, 3, 3, 3, 3)
(3, 4, 3, 3, 3, 3, 3)
(3, 3, 2, 1, 3, 3, 3)
(3, 3, 3, 3, 3, 3, 3)
(3, 3, 3, 3, 3, 3, 3)
(3, 2, 1, 3, 3, 3, 3)
(3, 3, 3, 3, 3, 3, 3)
(3, 3, 3, 3, 3, 3, 3)
(2, 1, 3, 3, 3, 3, 3)
(3, 4, 3, 3, 3, 3, 3)
(4, 3, 3, 3, 3, 3, 3)
(1, 3, 3, 3, 3, 3, 3)
(4, 3, 3, 3, 3, 3, 3)
(3, 3, 3, 3, 3, 3, 4)
(3, 3, 3, 3, 3, 4, 5)
(3, 3, 3, 3, 4, 5, 3)
(3, 3, 3, 3, 3, 3, 3)
(3, 3, 3, 3, 3, 3, 2)
(3, 3, 3, 3, 3, 2, 1)
(3, 3, 3, 3, 3, 3, 3)
(3, 3, 3, 3, 3, 3, 3)
(3, 3, 3, 3, 2, 1, 3)
(3, 3, 3, 2, 1, 3, 3)
(3, 3, 3, 3, 3, 3, 3)
(3, 3, 3, 3, 3, 3, 3)
(3, 3, 3, 3, 3, 3, 3)
(3, 3, 3, 3, 3, 3, 3)
(3, 3, 3, 4, 5, 3, 3)
(3, 3, 4, 5, 3, 3, 3)
(3, 3, 2, 1, 3, 3, 3)
(3, 3, 3, 3, 3, 3, 3)
(3, 3, 3, 3, 3, 3, 2)
(3, 3, 3, 3, 3, 2, 4)
(3, 3, 3, 3, 2, 4, 3)
(3, 3, 3, 3, 3, 3, 3)
(3, 2, 1, 3, 3, 3, 2)
(2, 1, 3, 3, 3, 2, 1)
(3, 3, 3, 3, 3, 3, 3)
(3, 3, 3, 3, 3, 3, 4)
(3, 3, 3, 3, 3, 4, 3)
(3, 3, 3, 2, 4, 3, 3)
(3, 3, 2, 4, 3, 3, 3)
(3, 4, 5, 3, 3, 3, 3)
(4, 5, 3, 3, 3, 3, 3)
(3, 3, 3, 3, 3, 3, 3)
(1, 3, 3, 3, 2, 1, 2)
(3, 3, 3, 3, 3, 3, 3)
(3, 3, 3, 2, 1, 2, 1)
(3, 3, 3, 3, 4, 3, 3)
(3, 3, 2, 1, 2, 1, 3)
(3, 2, 1, 2, 1, 3, 3)
(3, 2, 4, 3, 3, 3, 3)
(2, 4, 3, 3, 3, 3, 4)
(5, 3, 3, 3, 3, 3, 3)
(3, 3, 3, 3, 3, 3, 3)
(3, 3, 3, 4, 3, 3, 3)
(2, 1, 2, 1, 3, 3, 3)
(4, 3, 3, 3, 3, 4, 2)
(1, 2, 1, 3, 3, 3, 3)
(3, 3, 3, 3, 4, 2, 3)
(2, 1, 3, 3, 3, 3, 3)
(3, 3, 3, 4, 2, 3, 3)
(1, 3, 3, 3, 3, 3, 3)
(3, 3, 3, 3, 3, 3, 3)
(3, 3, 3, 3, 3, 3, 3)
(3, 3, 3, 3, 3, 3, 2)
(3, 3, 3, 3, 3, 2, 1)
(3, 3, 3, 27, 9, 27, 9)
(3, 3, 27, 9, 27, 9, 27)
(3, 27, 9, 27, 9, 27, 9)
(27, 9, 27, 9, 27, 9, 27)
(9, 27, 9, 27, 9, 27, 9)
(27, 9, 27, 9, 27, 9, 3)
(3, 3, 3, 3, 2, 1, 14)
(3, 3, 3, 2, 1, 14, 3)
(3, 3, 2, 1, 14, 3, 3)
(3, 2, 1, 14, 3, 3, 3)
(2, 1, 14, 3, 3, 3, 3)
(1, 14, 3, 3, 3, 3, 3)
(3, 3, 3, 3, 3, 3, 3)
(14, 3, 3, 3, 3, 3, 3)
(3, 3, 3, 3, 3, 3, 9)
(3, 3, 3, 3, 3, 3, 3)
(3, 3, 3, 3, 3, 9, 9)
(3, 3, 3, 3, 9, 9, 9)
(3, 3, 3, 3, 3, 3, 3)
(3, 3, 3, 9, 9, 9, 9)
(3, 3, 9, 9, 9, 9, 3)
(3, 3, 4, 3, 3, 3, 3)
(3, 4, 3, 3, 3, 3, 3)
(3, 9, 9, 9, 9, 3, 3)
(3, 3, 3, 3, 3, 3, 3)
(3, 3, 3, 3, 3, 3, 3)
(9, 9, 9, 9, 3, 3, 3)
(3, 3, 4, 2, 3, 3, 3)
(3, 4, 2, 3, 3, 3, 3)
(9, 9, 9, 3, 3, 3, 3)
(3, 3, 3, 3, 3, 3, 3)
(3, 3, 3, 3, 3, 3, 3)
(9, 9, 3, 3, 3, 3, 3)
(4, 3, 3, 3, 3, 3, 3)
(3, 3, 3, 3, 3, 3, 3)
(9, 3, 3, 3, 3, 3, 3)
(3, 3, 3, 3, 3, 3, 14)
(3, 3, 3, 3, 3, 14, 14)
(3, 3, 3, 3, 14, 14, 14)
(3, 3, 3, 14, 14, 14, 14)
(3, 3, 14, 14, 14, 14, 14)
(3, 14, 14, 14, 14, 14, 14)
(14, 14, 14, 14, 14, 14, 14)
(14, 14, 14, 14, 14, 14, 14)
(14, 14, 14, 14, 14, 14, 14)
(14, 14, 14, 14, 14, 14, 14)
(14, 14, 14, 14, 14, 14, 14)
(14, 14, 14, 14, 14, 14, 14)
(3, 3, 3, 3, 3, 3, 3)
(3, 3, 3, 3, 3, 3, 4)
(3, 3, 3, 3, 3, 4, 6)
(3, 3, 3, 3, 4, 6, 3)
(14, 14, 14, 14, 14, 14, 3)
(14, 14, 14, 14, 14, 3, 2)
(14, 14, 14, 14, 3, 2, 1)
(14, 14, 14, 3, 2, 1, 5)
(14, 14, 3, 2, 1, 5, 2)
(4, 2, 3, 3, 3, 3, 3)
(14, 3, 2, 1, 5, 2, 7)
(2, 3, 3, 3, 3, 3, 5)
(3, 3, 3, 3, 3, 5, 8)
(3, 3, 3, 3, 5, 8, 8)
(3, 3, 3, 5, 8, 8, 10)
(3, 3, 3, 3, 3, 3, 3)
(3, 3, 3, 3, 3, 3, 4)
(3, 3, 5, 8, 8, 10, 7)
(3, 5, 8, 8, 10, 7, 3)
(3, 3, 3, 3, 3, 4, 7)
(3, 3, 3, 3, 4, 7, 3)
(3, 2, 1, 5, 2, 7, 3)
(2, 1, 5, 2, 7, 3, 3)
(1, 5, 2, 7, 3, 3, 11)
(5, 2, 7, 3, 3, 11, 12)
(2, 7, 3, 3, 11, 12, 2)
(7, 3, 3, 11, 12, 2, 1)
(3, 3, 11, 12, 2, 1, 15)
(3, 11, 12, 2, 1, 15, 2)
(11, 12, 2, 1, 15, 2, 5)
(12, 2, 1, 15, 2, 5, 2)
(2, 1, 15, 2, 5, 2, 6)
(1, 15, 2, 5, 2, 6, 7)
(15, 2, 5, 2, 6, 7, 6)
(2, 5, 2, 6, 7, 6, 5)
(5, 2, 6, 7, 6, 5, 2)
(2, 6, 7, 6, 5, 2, 6)
(6, 7, 6, 5, 2, 6, 7)
(7, 6, 5, 2, 6, 7, 6)
(6, 5, 2, 6, 7, 6, 2)
(5, 2, 6, 7, 6, 2, 5)
(2, 6, 7, 6, 2, 5, 2)
(6, 7, 6, 2, 5, 2, 6)
(7, 6, 2, 5, 2, 6, 7)
(6, 2, 5, 2, 6, 7, 6)
(2, 5, 2, 6, 7, 6, 5)
(5, 2, 6, 7, 6, 5, 2)
(2, 6, 7, 6, 5, 2, 6)
(6, 7, 6, 5, 2, 6, 7)
(7, 6, 5, 2, 6, 7, 6)
(6, 5, 2, 6, 7, 6, 5)
(5, 2, 6, 7, 6, 5, 2)
(2, 6, 7, 6, 5, 2, 6)
(6, 7, 6, 5, 2, 6, 7)
(7, 6, 5, 2, 6, 7, 6)
(6, 5, 2, 6, 7, 6, 14)
(9, 27, 9, 27, 9, 3, 3)
(27, 9, 27, 9, 3, 3, 3)
(5, 2, 6, 7, 6, 14, 3)
(9, 27, 9, 27, 9, 3, 3)
(27, 9, 27, 9, 3, 3, 3)
(3, 3, 3, 3, 3, 3, 3)
(3, 3, 3, 3, 3, 3, 3)
(2, 6, 7, 6, 14, 3, 3)
(3, 3, 3, 3, 3, 3, 3)
(6, 7, 6, 14, 3, 3, 3)
(3, 3, 3, 3, 3, 3, 3)
(7, 6, 14, 3, 3, 3, 3)
(3, 3, 3, 3, 3, 3, 3)
