(17, 10, 18, 2, 19, 18, 17)
(10, 18, 2, 19, 18, 17, 17)
(18, 2, 19, 18, 17, 17, 17)
(2, 19, 18, 17, 17, 17, 3)
(19, 18, 17, 17, 17, 3, 17)
(18, 17, 17, 17, 3, 17, 10)
(17, 17, 17, 3, 17, 10, 18)
(17, 17, 3, 17, 10, 18, 2)
(17, 3, 17, 10, 18, 2, 19)
(3, 17, 10, 18, 2, 19, 18)
(17, 10, 18, 2, 19, 18, 17)
(17, 17, 17, 3, 3, 3, 3)
(10, 18, 2, 19, 18, 17, 17)
(18, 2, 19, 18, 17, 17, 17)
(2, 19, 18, 17, 17, 17, 3)
(19, 18, 17, 17, 17, 3, 17)
(18, 17, 17, 17, 3, 17, 10)
(17, 17, 17, 3, 17, 10, 18)
(17, 17, 3, 17, 10, 18, 2)
(17, 3, 17, 10, 18, 2, 19)
(3, 17, 10, 18, 2, 19, 18)
(17, 10, 18, 2, 19, 18, 17)
(17, 17, 3, 3, 3, 3, 3)
(10, 18, 2, 19, 18, 17, 17)
(18, 2, 19, 18, 17, 17, 17)
(2, 19, 18, 17, 17, 17, 3)
(19, 18, 17, 17, 17, 3, 17)
(18, 17, 17, 17, 3, 17, 10)
(17, 17, 17, 3, 17, 10, 18)
(17, 17, 3, 17, 10, 18, 2)
(17, 3, 17, 10, 18, 2, 19)
(3, 17, 10, 18, 2, 19, 18)
(17, 17, 3, 3, 3, 3, 3)
(17, 10, 18, 2, 19, 18, 17)
(10, 18, 2, 19, 18, 17, 17)
(18, 2, 19, 18, 17, 17, 17)
(2, 19, 18, 17, 17, 17, 3)
(19, 18, 17, 17, 17, 3, 17)
(18, 17, 17, 17, 3, 17, 10)
(17, 17, 17, 3, 17, 10, 18)
(17, 17, 3, 17, 10, 18, 2)
(17, 3, 17, 10, 18, 2, 19)
(3, 17, 10, 18, 2, 19, 18)
(17, 10, 18, 2, 19, 18, 17)
(17, 17, 3, 3, 3, 3, 3)
(10, 18, 2, 19, 18, 17, 17)
(18, 2, 19, 18, 17, 17, 17)
(2, 19, 18, 17, 17, 17, 3)
(19, 18, 17, 17, 17, 3, 17)
(18, 17, 17, 17, 3, 17, 10)
(17, 17, 17, 3, 17, 10, 18)
(17, 17, 3, 17, 10, 18, 2)
(17, 3, 17, 10, 18, 2, 19)
(3, 17, 10, 18, 2, 19, 18)
(17, 10, 18, 2, 19, 18, 17)
(17, 3, 3, 3, 3, 3, 3)
(10, 18, 2, 19, 18, 17, 17)
(18, 2, 19, 18, 17, 17, 17)
(2, 19, 18, 17, 17, 17, 3)
(19, 18, 17, 17, 17, 3, 17)
(18, 17, 17, 17, 3, 17, 10)
(17, 17, 17, 3, 17, 10, 18)
(17, 17, 3, 17, 10, 18, 2)
(17, 3, 17, 10, 18, 2, 19)
(3, 17, 10, 18, 2, 19, 18)
(17, 3, 3, 3, 3, 3, 3)
(17, 10, 18, 2, 19, 18, 17)
(10, 18, 2, 19, 18, 17, 17)
(18, 2, 19, 18, 17, 17, 17)
(2, 19, 18, 17, 17, 17, 3)
(19, 18, 17, 17, 17, 3, 17)
(18, 17, 17, 17, 3, 17, 10)
(17, 17, 17, 3, 17, 10, 18)
(17, 17, 3, 17, 10, 18, 2)
(17, 3, 17, 10, 18, 2, 19)
(3, 17, 10, 18, 2, 19, 18)
(17, 10, 18, 2, 19, 18, 17)
(17, 3, 3, 3, 3, 3, 3)
(10, 18, 2, 19, 18, 17, 17)
(18, 2, 19, 18, 17, 17, 17)
(2, 19, 18, 17, 17, 17, 3)
(19, 18, 17, 17, 17, 3, 17)
(3, 3, 3, 3, 3, 3, 3)
(18, 17, 17, 17, 3, 17, 10)
(17, 17, 17, 3, 17, 10, 18)
(17, 17, 3, 17, 10, 18, 2)
(17, 3, 17, 10, 18, 2, 19)
(3, 17, 10, 18, 2, 19, 18)
(17, 10, 18, 2, 19, 18, 17)
(10, 18, 2, 19, 18, 17, 17)
(18, 2, 19, 18, 17, 17, 17)
(2, 19, 18, 17, 17, 17, 17)
(19, 18, 17, 17, 17, 17, 10)
(18, 17, 17, 17, 17, 10, 18)
(17, 17, 17, 17, 10, 18, 2)
(17, 17, 17, 10, 18, 2, 19)
(17, 17, 10, 18, 2, 19, 18)
(17, 10, 18, 2, 19, 18, 17)
(10, 18, 2, 19, 18, 17, 17)
(18, 2, 19, 18, 17, 17, 17)
(2, 19, 18, 17, 17, 17, 3)
(19, 18, 17, 17, 17, 3, 17)
(18, 17, 17, 17, 3, 17, 10)
(17, 17, 17, 3, 17, 10, 18)
(17, 17, 3, 17, 10, 18, 2)
(17, 3, 17, 10, 18, 2, 19)
(3, 17, 10, 18, 2, 19, 18)
(3, 3, 3, 3, 3, 3, 3)
(17, 10, 18, 2, 19, 18, 17)
(10, 18, 2, 19, 18, 17, 17)
(18, 2, 19, 18, 17, 17, 17)
(2, 19, 18, 17, 17, 17, 3)
(19, 18, 17, 17, 17, 3, 17)
(18, 17, 17, 17, 3, 17, 10)
(17, 17, 17, 3, 17, 10, 18)
(17, 17, 3, 17, 10, 18, 2)
(17, 3, 17, 10, 18, 2, 19)
(3, 17, 10, 18, 2, 19, 18)
(17, 10, 18, 2, 19, 18, 17)
(3, 3, 3, 3, 3, 3, 3)
(10, 18, 2, 19, 18, 17, 17)
(18, 2, 19, 18, 17, 17, 17)
(2, 19, 18, 17, 17, 17, 3)
(19, 18, 17, 17, 17, 3, 17)
(18, 17, 17, 17, 3, 17, 10)
(17, 17, 17, 3, 17, 10, 18)
(17, 17, 3, 17, 10, 18, 2)
(17, 3, 17, 10, 18, 2, 19)
(3, 17, 10, 18, 2, 19, 18)
(3, 3, 3, 3, 3, 3, 3)
(17, 10, 18, 2, 19, 18, 17)
(10, 18, 2, 19, 18, 17, 17)
(18, 2, 19, 18, 17, 17, 17)
(2, 19, 18, 17, 17, 17, 3)
(19, 18, 17, 17, 17, 3, 17)
(18, 17, 17, 17, 3, 17, 10)
(17, 17, 17, 3, 17, 10, 18)
(17, 17, 3, 17, 10, 18, 2)
(17, 3, 17, 10, 18, 2, 19)
(3, 17, 10, 18, 2, 19, 18)
(3, 3, 3, 3, 3, 3, 3)
(17, 10, 18, 2, 19, 18, 17)
(10, 18, 2, 19, 18, 17, 17)
(18, 2, 19, 18, 17, 17, 17)
(2, 19, 18, 17, 17, 17, 3)
(19, 18, 17, 17, 17, 3, 17)
(18, 17, 17, 17, 3, 17, 10)
(17, 17, 17, 3, 17, 10, 18)
(17, 17, 3, 17, 10, 18, 2)
(17, 3, 17, 10, 18, 2, 19)
(3, 17, 10, 18, 2, 19, 18)
(17, 10, 18, 2, 19, 18, 17)
(3, 3, 3, 3, 3, 3, 3)
(10, 18, 2, 19, 18, 17, 17)
(18, 2, 19, 18, 17, 17, 17)
(2, 19, 18, 17, 17, 17, 3)
(19, 18, 17, 17, 17, 3, 17)
(18, 17, 17, 17, 3, 17, 10)
(17, 17, 17, 3, 17, 10, 18)
(17, 17, 3, 17, 10, 18, 2)
(17, 3, 17, 10, 18, 2, 19)
(3, 17, 10, 18, 2, 19, 18)
(17, 10, 18, 2, 19, 18, 17)
(3, 3, 3, 3, 3, 3, 3)
(10, 18, 2, 19, 18, 17, 17)
(18, 2, 19, 18, 17, 17, 17)
(2, 19, 18, 17, 17, 17, 3)
(19, 18, 17, 17, 17, 3, 17)
(14, 3, 2, 1, 3, 2, 2)
(18, 17, 17, 17, 3, 17, 10)
(17, 17, 17, 3, 17, 10, 18)
(17, 17, 3, 17, 10, 18, 2)
(17, 3, 17, 10, 18, 2, 19)
(3, 17, 10, 18, 2, 19, 18)
(17, 10, 18, 2, 19, 18, 17)
(10, 18, 2, 19, 18, 17, 17)
(18, 2, 19, 18, 17, 17, 17)
(3, 3, 3, 3, 3, 3, 3)
(2, 19, 18, 17, 17, 17, 4)
(19, 18, 17, 17, 17, 4, 3)
(18, 17, 17, 17, 4, 3, 17)
(17, 17, 17, 4, 3, 17, 10)
(3, 3, 3, 3, 3, 3, 3)
(3, 2, 1, 3, 2, 2, 3)
(2, 1, 3, 2, 2, 3, 3)
(3, 3, 3, 3, 3, 3, 3)
(3, 3, 3, 3, 3, 3, 3)
(3, 3, 3, 3, 3, 3, 3)
(3, 3, 3, 3, 3, 3, 3)
(17, 17, 4, 3, 17, 10, 18)
(3, 3, 3, 3, 3, 3, 3)
(1, 3, 2, 2, 3, 3, 3)
(3, 3, 3, 3, 3, 3, 3)
(17, 4, 3, 17, 10, 18, 2)
(3, 2, 2, 3, 3, 3, 3)
(4, 3, 17, 10, 18, 2, 19)
(3, 3, 3, 3, 3, 3, 3)
(3, 3, 3, 3, 3, 3, 3)
(2, 2, 3, 3, 3, 3, 3)
(3, 3, 3, 3, 3, 3, 3)
(3, 3, 3, 3, 3, 3, 3)
(3, 17, 10, 18, 2, 19, 18)
(2, 3, 3, 3, 3, 3, 3)
(17, 10, 18, 2, 19, 18, 17)
(3, 3, 3, 3, 3, 3, 3)
(10, 18, 2, 19, 18, 17, 17)
(3, 3, 3, 3, 3, 3, 3)
(18, 2, 19, 18, 17, 17, 17)
(3, 3, 3, 3, 3, 3, 3)
(2, 19, 18, 17, 17, 17, 3)
(3, 3, 3, 3, 3, 3, 3)
(3, 3, 3, 3, 3, 3, 2)
(3, 3, 3, 3, 3, 2, 1)
(3, 3, 3, 3, 3, 3, 3)
(3, 3, 3, 3, 3, 3, 3)
(3, 3, 3, 3, 2, 1, 3)
(3, 3, 3, 3, 3, 3, 3)
(3, 3, 3, 3, 3, 3, 3)
(3, 3, 3, 3, 3, 3, 3)
(3, 3, 3, 3, 3, 3, 3)
(3, 3, 3, 3, 3, 3, 3)
(3, 3, 3, 3, 3, 3, 3)
(3, 3, 3, 2, 1, 3, 3)
(3, 3, 3, 3, 3, 3, 3)
(3, 3, 2, 1, 3, 3, 3)
(19, 18, 17, 17, 17, 3, 3)
(18, 17, 17, 17, 3, 3, 3)
(3, 2, 1, 3, 3, 3, 3)
(3, 3, 3, 3, 3, 3, 3)
(3, 3, 3, 3, 3, 3, 3)
(2, 1, 3, 3, 3, 3, 3)
(3, 3, 3, 3, 3, 3, 3)
(3, 3, 3, 3, 3, 3, 3)
(1, 3, 3, 3, 3, 3, 3)
(3, 3, 3, 3, 3, 3, 3)
(3, 3, 3, 3, 3, 3, 3)
(3, 3, 3, 3, 3, 3, 3)
(17, 17, 17, 3, 3, 3, 3)
(17, 17, 3, 3, 3, 3, 3)
(3, 3, 3, 3, 3, 3, 3)
(3, 3, 3, 3, 3, 3, 3)
(3, 3, 3, 3, 3, 3, 3)
(3, 3, 3, 3, 3, 3, 3)
(3, 3, 3, 3, 3, 3, 3)
(3, 3, 3, 3, 3, 3, 3)
(3, 3, 3, 3, 3, 3, 3)
(3, 3, 3, 3, 3, 3, 3)
(3, 3, 3, 3, 3, 3, 3)
(3, 3, 3, 3, 3, 3, 3)
(17, 3, 3, 3, 3, 3, 3)
(3, 3, 3, 3, 3, 3, 3)
(3, 3, 3, 3, 3, 3, 3)
(3, 3, 3, 3, 3, 3, 3)
(3, 3, 3, 3, 3, 3, 3)
(3, 3, 3, 3, 3, 3, 3)
(3, 3, 3, 3, 3, 3, 3)
(3, 3, 3, 3, 3, 3, 3)
(3, 3, 3, 3, 3, 3, 3)
(3, 3, 3, 3, 3, 3, 3)
(3, 3, 3, 3, 3, 3, 3)
(3, 3, 3, 3, 3, 3, 3)
(3, 3, 3, 3, 3, 3, 3)
(3, 3, 3, 3, 3, 3, 3)
(3, 3, 3, 3, 3, 3, 3)
(3, 3, 3, 3, 3, 3, 3)
(3, 3, 3, 3, 3, 3, 3)
(3, 3, 3, 3, 3, 3, 3)
(3, 3, 3, 3, 3, 3, 3)
(3, 3, 3, 3, 3, 3, 3)
(3, 3, 3, 3, 3, 3, 3)
(3, 3, 3, 3, 3, 3, 3)
(3, 3, 3, 3, 3, 3, 3)
(3, 3, 3, 3, 3, 3, 3)
(3, 3, 3, 3, 3, 3, 3)
(3, 3, 3, 3, 3, 3, 3)
(3, 3, 3, 3, 3, 3, 3)
(3, 3, 3, 3, 3, 3, 3)
(3, 3, 3, 3, 3, 3, 3)
(3, 3, 3, 3, 3, 3, 3)
(3, 3, 3, 3, 3, 3, 3)
(3, 3, 3, 3, 3, 3, 3)
(3, 3, 3, 3, 3, 3, 3)
(3, 3, 3, 3, 3, 3, 3)
(3, 3, 3, 3, 3, 3, 3)
(3, 3, 3, 3, 3, 3, 3)
(3, 3, 3, 3, 3, 3, 3)
(3, 3, 3, 3, 3, 3, 3)
(3, 3, 3, 3, 3, 3, 3)
(3, 3, 3, 3, 3, 3, 3)
(3, 3, 3, 3, 3, 3, 3)
(3, 3, 3, 3, 3, 3, 3)
(3, 3, 3, 3, 3, 3, 3)
(3, 3, 3, 3, 3, 3, 3)
(3, 3, 3, 3, 3, 3, 3)
(3, 3, 3, 3, 3, 3, 3)
(3, 3, 3, 3, 3, 3, 3)
(3, 3, 3, 3, 3, 3, 3)
(3, 3, 3, 3, 3, 3, 3)
(3, 3, 3, 3, 3, 3, 3)
(3, 3, 3, 3, 3, 3, 3)
(3, 3, 3, 3, 3, 3, 3)
(3, 3, 3, 3, 3, 3, 3)
(3, 3, 3, 3, 3, 3, 3)
(3, 3, 3, 3, 3, 3, 3)
(3, 3, 3, 3, 3, 3, 3)
(3, 3, 3, 3, 3, 3, 3)
(3, 3, 3, 3, 3, 3, 3)
(3, 3, 3, 3, 3, 3, 3)
(3, 3, 3, 3, 3, 3, 3)
(3, 3, 3, 3, 3, 3, 3)
(3, 3, 3, 3, 3, 3, 4)
(3, 3, 3, 3, 3, 4, 17)
(3, 3, 3, 3, 4, 17, 10)
(3, 3, 3, 4, 17, 10, 18)
(3, 3, 4, 17, 10, 18, 2)
(3, 4, 17, 10, 18, 2, 19)
(4, 17, 10, 18, 2, 19, 18)
(17, 10, 18, 2, 19, 18, 17)
(10, 18, 2, 19, 18, 17, 17)
(18, 2, 19, 18, 17, 17, 17)
(2, 19, 18, 17, 17, 17, 3)
(3, 3, 3, 3, 3, 3, 3)
(3, 3, 3, 3, 3, 3, 2)
(3, 3, 3, 3, 3, 2, 1)
(3, 3, 3, 3, 3, 3, 3)
(3, 3, 3, 3, 3, 3, 3)
(3, 3, 3, 3, 2, 1, 3)
(3, 3, 3, 3, 3, 3, 3)
(3, 3, 3, 3, 3, 3, 3)
(3, 3, 3, 3, 3, 3, 17)
(3, 3, 3, 3, 3, 17, 10)
(3, 3, 3, 3, 17, 10, 18)
(3, 3, 3, 17, 10, 18, 2)
(3, 3, 17, 10, 18, 2, 19)
(3, 17, 10, 18, 2, 19, 18)
(17, 10, 18, 2, 19, 18, 17)
(10, 18, 2, 19, 18, 17, 17)
(18, 2, 19, 18, 17, 17, 17)
(3, 3, 3, 2, 1, 3, 3)
(3, 3, 3, 3, 3, 3, 3)
(3, 3, 3, 3, 3, 3, 3)
(3, 3, 3, 3, 3, 3, 17)
(3, 3, 3, 3, 3, 17, 10)
(3, 3, 3, 3, 17, 10, 18)
(3, 3, 3, 17, 10, 18, 2)
(3, 3, 17, 10, 18, 2, 19)
(3, 17, 10, 18, 2, 19, 18)
(17, 10, 18, 2, 19, 18, 17)
(10, 18, 2, 19, 18, 17, 17)
(18, 2, 19, 18, 17, 17, 17)
(19, 18, 17, 17, 17, 3, 3)
(18, 17, 17, 17, 3, 3, 3)
(17, 17, 17, 3, 3, 3, 17)
(17, 17, 3, 3, 3, 17, 10)
(17, 3, 3, 3, 17, 10, 18)
(3, 3, 3, 17, 10, 18, 2)
(3, 3, 17, 10, 18, 2, 19)
(3, 17, 10, 18, 2, 19, 18)
(17, 10, 18, 2, 19, 18, 17)
(10, 18, 2, 19, 18, 17, 17)
(18, 2, 19, 18, 17, 17, 17)
(3, 3, 3, 3, 3, 3, 3)
(3, 3, 3, 3, 3, 3, 3)
(3, 3, 3, 3, 3, 3, 17)
(3, 3, 3, 3, 3, 17, 10)
(3, 3, 3, 3, 17, 10, 18)
(3, 3, 3, 17, 10, 18, 2)
(3, 3, 17, 10, 18, 2, 19)
(3, 17, 10, 18, 2, 19, 18)
(17, 10, 18, 2, 19, 18, 17)
(2, 19, 18, 17, 17, 17, 3)
(10, 18, 2, 19, 18, 17, 17)
(18, 2, 19, 18, 17, 17, 17)
(2, 19, 18, 17, 17, 17, 3)
(19, 18, 17, 17, 17, 3, 17)
(18, 17, 17, 17, 3, 17, 10)
(17, 17, 17, 3, 17, 10, 18)
(17, 17, 3, 17, 10, 18, 2)
(17, 3, 17, 10, 18, 2, 19)
(3, 3, 2, 1, 3, 3, 3)
(3, 17, 10, 18, 2, 19, 18)
(17, 10, 18, 2, 19, 18, 17)
(10, 18, 2, 19, 18, 17, 17)
(18, 2, 19, 18, 17, 17, 17)
(2, 19, 18, 17, 17, 17, 3)
(19, 18, 17, 17, 17, 3, 17)
(18, 17, 17, 17, 3, 17, 10)
(17, 17, 17, 3, 17, 10, 18)
(17, 17, 3, 17, 10, 18, 2)
(17, 3, 17, 10, 18, 2, 19)
(3, 17, 10, 18, 2, 19, 18)
(17, 10, 18, 2, 19, 18, 17)
(2, 19, 18, 17, 17, 17, 3)
(10, 18, 2, 19, 18, 17, 17)
(18, 2, 19, 18, 17, 17, 17)
(2, 19, 18, 17, 17, 17, 3)
(19, 18, 17, 17, 17, 3, 17)
(18, 17, 17, 17, 3, 17, 10)
(2, 19, 18, 17, 17, 17, 3)
(17, 17, 17, 3, 17, 10, 18)
(17, 17, 3, 17, 10, 18, 2)
(17, 3, 17, 10, 18, 2, 19)
(3, 17, 10, 18, 2, 19, 18)
(17, 10, 18, 2, 19, 18, 17)
(10, 18, 2, 19, 18, 17, 17)
(18, 2, 19, 18, 17, 17, 17)
(2, 19, 18, 17, 17, 17, 17)
(19, 18, 17, 17, 17, 17, 10)
(18, 17, 17, 17, 17, 10, 18)
(17, 17, 17, 17, 10, 18, 2)
(17, 17, 17, 10, 18, 2, 19)
(17, 17, 10, 18, 2, 19, 18)
(17, 10, 18, 2, 19, 18, 17)
(10, 18, 2, 19, 18, 17, 17)
(18, 2, 19, 18, 17, 17, 17)
(2, 19, 18, 17, 17, 17, 3)
(19, 18, 17, 17, 17, 3, 17)
(18, 17, 17, 17, 3, 17, 10)
(17, 17, 17, 3, 17, 10, 18)
(17, 17, 3, 17, 10, 18, 2)
(17, 3, 17, 10, 18, 2, 19)
(3, 17, 10, 18, 2, 19, 18)
(17, 10, 18, 2, 19, 18, 17)
(19, 18, 17, 17, 17, 3, 3)
(10, 18, 2, 19, 18, 17, 17)
(18, 2, 19, 18, 17, 17, 17)
(2, 19, 18, 17, 17, 17, 3)
(19, 18, 17, 17, 17, 3, 17)
(18, 17, 17, 17, 3, 17, 10)
(17, 17, 17, 3, 17, 10, 18)
(17, 17, 3, 17, 10, 18, 2)
(17, 3, 17, 10, 18, 2, 19)
(3, 2, 1, 3, 3, 3, 3)
(3, 17, 10, 18, 2, 19, 18)
(17, 10, 18, 2, 19, 18, 17)
(10, 18, 2, 19, 18, 17, 17)
(18, 2, 19, 18, 17, 17, 17)
(2, 19, 18, 17, 17, 17, 3)
(19, 18, 17, 17, 17, 3, 17)
(18, 17, 17, 17, 3, 17, 10)
(17, 17, 17, 3, 17, 10, 18)
(17, 17, 3, 17, 10, 18, 2)
(17, 3, 17, 10, 18, 2, 19)
(3, 17, 10, 18, 2, 19, 18)
(17, 10, 18, 2, 19, 18, 17)
(19, 18, 17, 17, 17, 3, 3)
(10, 18, 2, 19, 18, 17, 17)
(18, 2, 19, 18, 17, 17, 17)
(2, 19, 18, 17, 17, 17, 3)
(19, 18, 17, 17, 17, 3, 17)
(19, 18, 17, 17, 17, 3, 3)
(18, 17, 17, 17, 3, 17, 10)
(17, 17, 17, 3, 17, 10, 18)
(17, 17, 3, 17, 10, 18, 2)
(17, 3, 17, 10, 18, 2, 19)
(3, 17, 10, 18, 2, 19, 18)
(17, 10, 18, 2, 19, 18, 17)
(10, 18, 2, 19, 18, 17, 17)
(18, 2, 19, 18, 17, 17, 17)
(2, 19, 18, 17, 17, 17, 17)
(19, 18, 17, 17, 17, 17, 10)
(18, 17, 17, 17, 17, 10, 18)
(17, 17, 17, 17, 10, 18, 2)
(17, 17, 17, 10, 18, 2, 19)
(17, 17, 10, 18, 2, 19, 18)
(17, 10, 18, 2, 19, 18, 17)
(10, 18, 2, 19, 18, 17, 17)
(18, 2, 19, 18, 17, 17, 17)
(2, 19, 18, 17, 17, 17, 3)
(19, 18, 17, 17, 17, 3, 17)
(18, 17, 17, 17, 3, 17, 10)
(17, 17, 17, 3, 17, 10, 18)
(17, 17, 3, 17, 10, 18, 2)
(17, 3, 17, 10, 18, 2, 19)
(3, 17, 10, 18, 2, 19, 18)
(17, 10, 18, 2, 19, 18, 17)
(10, 18, 2, 19, 18, 17, 17)
(18, 17, 17, 17, 3, 3, 3)
(18, 2, 19, 18, 17, 17, 17)
(2, 19, 18, 17, 17, 17, 3)
(19, 18, 17, 17, 17, 3, 17)
(18, 17, 17, 17, 3, 17, 10)
(17, 17, 17, 3, 17, 10, 18)
(17, 17, 3, 17, 10, 18, 2)
(17, 3, 17, 10, 18, 2, 19)
(2, 1, 3, 3, 3, 3, 3)
(3, 17, 10, 18, 2, 19, 18)
(17, 10, 18, 2, 19, 18, 17)
(10, 18, 2, 19, 18, 17, 17)
(18, 2, 19, 18, 17, 17, 17)
(2, 19, 18, 17, 17, 17, 3)
(19, 18, 17, 17, 17, 3, 17)
(18, 17, 17, 17, 3, 17, 10)
(17, 17, 17, 3, 17, 10, 18)
(17, 17, 3, 17, 10, 18, 2)
(17, 3, 17, 10, 18, 2, 19)
(3, 17, 10, 18, 2, 19, 18)
(17, 10, 18, 2, 19, 18, 17)
(18, 17, 17, 17, 3, 3, 3)
(10, 18, 2, 19, 18, 17, 17)
(18, 2, 19, 18, 17, 17, 17)
(2, 19, 18, 17, 17, 17, 3)
(19, 18, 17, 17, 17, 3, 17)
(18, 17, 17, 17, 3, 3, 3)
(18, 17, 17, 17, 3, 17, 10)
(17, 17, 17, 3, 17, 10, 18)
(17, 17, 3, 17, 10, 18, 2)
(17, 3, 17, 10, 18, 2, 19)
(3, 17, 10, 18, 2, 19, 18)
(17, 10, 18, 2, 19, 18, 17)
(10, 18, 2, 19, 18, 17, 17)
(18, 2, 19, 18, 17, 17, 17)
(2, 19, 18, 17, 17, 17, 17)
(19, 18, 17, 17, 17, 17, 10)
(18, 17, 17, 17, 17, 10, 18)
(17, 17, 17, 17, 10, 18, 2)
(17, 17, 17, 10, 18, 2, 19)
(17, 17, 10, 18, 2, 19, 18)
(17, 10, 18, 2, 19, 18, 17)
(10, 18, 2, 19, 18, 17, 17)
(18, 2, 19, 18, 17, 17, 17)
(2, 19, 18, 17, 17, 17, 3)
(19, 18, 17, 17, 17, 3, 17)
(18, 17, 17, 17, 3, 17, 10)
(17, 17, 17, 3, 17, 10, 18)
(17, 17, 3, 17, 10, 18, 2)
(17, 3, 17, 10, 18, 2, 19)
(3, 17, 10, 18, 2, 19, 18)
(17, 10, 18, 2, 19, 18, 17)
(17, 17, 17, 3, 3, 3, 3)
(10, 18, 2, 19, 18, 17, 17)
(18, 2, 19, 18, 17, 17, 17)
(2, 19, 18, 17, 17, 17, 3)
(19, 18, 17, 17, 17, 3, 17)
(18, 17, 17, 17, 3, 17, 10)
(17, 17, 17, 3, 17, 10, 18)
(17, 17, 3, 17, 10, 18, 2)
(17, 3, 17, 10, 18, 2, 19)
(3, 17, 10, 18, 2, 19, 18)
(1, 3, 3, 3, 3, 3, 3)
(17, 10, 18, 2, 19, 18, 17)
(10, 18, 2, 19, 18, 17, 17)
(18, 2, 19, 18, 17, 17, 17)
(2, 19, 18, 17, 17, 17, 3)
(19, 18, 17, 17, 17, 3, 17)
(18, 17, 17, 17, 3, 17, 10)
(17, 17, 17, 3, 17, 10, 18)
(17, 17, 3, 17, 10, 18, 2)
(17, 3, 17, 10, 18, 2, 19)
(3, 17, 10, 18, 2, 19, 18)
(17, 10, 18, 2, 19, 18, 17)
(17, 17, 17, 3, 3, 3, 3)
(10, 18, 2, 19, 18, 17, 17)
(18, 2, 19, 18, 17, 17, 17)
(2, 19, 18, 17, 17, 17, 3)
(19, 18, 17, 17, 17, 3, 17)
(18, 17, 17, 17, 3, 17, 10)
(17, 17, 17, 3, 17, 10, 18)
(17, 17, 3, 17, 10, 18, 2)
(17, 3, 17, 10, 18, 2, 19)
(17, 17, 17, 3, 3, 3, 3)
(3, 17, 10, 18, 2, 19, 18)
(17, 10, 18, 2, 19, 18, 17)
(10, 18, 2, 19, 18, 17, 17)
(18, 2, 19, 18, 17, 17, 17)
(2, 19, 18, 17, 17, 17, 3)
(19, 18, 17, 17, 17, 3, 17)
(18, 17, 17, 17, 3, 17, 10)
(17, 17, 17, 3, 17, 10, 18)
(17, 17, 3, 17, 10, 18, 2)
(17, 3, 17, 10, 18, 2, 19)
(3, 17, 10, 18, 2, 19, 18)
(17, 10, 18, 2, 19, 18, 17)
(17, 17, 3, 3, 3, 3, 3)
(10, 18, 2, 19, 18, 17, 17)
(18, 2, 19, 18, 17, 17, 17)
(2, 19, 18, 17, 17, 17, 3)
(19, 18, 17, 17, 17, 3, 17)
(18, 17, 17, 17, 3, 17, 10)
(17, 17, 17, 3, 17, 10, 18)
(17, 17, 3, 17, 10, 18, 2)
(17, 3, 17, 10, 18, 2, 19)
(3, 17, 10, 18, 2, 19, 18)
(3, 3, 3, 3, 3, 3, 3)
(17, 10, 18, 2, 19, 18, 17)
(10, 18, 2, 19, 18, 17, 17)
(18, 2, 19, 18, 17, 17, 17)
(2, 19, 18, 17, 17, 17, 3)
(19, 18, 17, 17, 17, 3, 17)
(18, 17, 17, 17, 3, 17, 10)
(17, 17, 17, 3, 17, 10, 18)
(17, 17, 3, 17, 10, 18, 2)
(17, 3, 17, 10, 18, 2, 19)
(3, 17, 10, 18, 2, 19, 18)
(17, 10, 18, 2, 19, 18, 17)
(17, 17, 3, 3, 3, 3, 3)
(10, 18, 2, 19, 18, 17, 17)
(18, 2, 19, 18, 17, 17, 17)
(2, 19, 18, 17, 17, 17, 3)
(19, 18, 17, 17, 17, 3, 17)
(17, 17, 3, 3, 3, 3, 3)
(18, 17, 17, 17, 3, 17, 10)
(17, 17, 17, 3, 17, 10, 18)
(17, 17, 3, 17, 10, 18, 2)
(17, 3, 17, 10, 18, 2, 19)
(3, 17, 10, 18, 2, 19, 18)
(17, 10, 18, 2, 19, 18, 17)
(10, 18, 2, 19, 18, 17, 17)
(18, 2, 19, 18, 17, 17, 17)
(17, 3, 3, 3, 3, 3, 3)
(3, 3, 3, 3, 3, 3, 3)
(2, 19, 18, 17, 17, 17, 3)
(3, 3, 3, 3, 3, 3, 17)
(3, 3, 3, 3, 3, 17, 10)
(3, 3, 3, 3, 17, 10, 18)
(3, 3, 3, 17, 10, 18, 2)
(3, 3, 17, 10, 18, 2, 19)
(3, 17, 10, 18, 2, 19, 18)
(17, 10, 18, 2, 19, 18, 17)
(10, 18, 2, 19, 18, 17, 17)
(18, 2, 19, 18, 17, 17, 17)
(2, 19, 18, 17, 17, 17, 17)
(19, 18, 17, 17, 17, 17, 10)
(18, 17, 17, 17, 17, 10, 18)
(17, 17, 17, 17, 10, 18, 2)
(17, 17, 17, 10, 18, 2, 19)
(17, 17, 10, 18, 2, 19, 18)
(17, 10, 18, 2, 19, 18, 17)
(10, 18, 2, 19, 18, 17, 17)
(18, 2, 19, 18, 17, 17, 17)
(2, 19, 18, 17, 17, 17, 3)
(19, 18, 17, 17, 17, 3, 17)
(18, 17, 17, 17, 3, 17, 10)
(3, 3, 3, 3, 3, 3, 3)
(17, 17, 17, 3, 17, 10, 18)
(17, 3, 3, 3, 3, 3, 3)
(17, 17, 3, 17, 10, 18, 2)
(17, 3, 17, 10, 18, 2, 19)
(3, 17, 10, 18, 2, 19, 18)
(17, 10, 18, 2, 19, 18, 17)
(10, 18, 2, 19, 18, 17, 17)
(18, 2, 19, 18, 17, 17, 17)
(2, 19, 18, 17, 17, 17, 17)
(19, 18, 17, 17, 17, 17, 10)
(18, 17, 17, 17, 17, 10, 18)
(17, 17, 17, 17, 10, 18, 2)
(17, 17, 17, 10, 18, 2, 19)
(17, 17, 10, 18, 2, 19, 18)
(17, 10, 18, 2, 19, 18, 17)
(10, 18, 2, 19, 18, 17, 17)
(18, 2, 19, 18, 17, 17, 17)
(2, 19, 18, 17, 17, 17, 4)
(19, 18, 17, 17, 17, 4, 3)
(18, 17, 17, 17, 4, 3, 17)
(17, 17, 17, 4, 3, 17, 10)
(17, 17, 4, 3, 17, 10, 18)
(17, 4, 3, 17, 10, 18, 2)
(4, 3, 17, 10, 18, 2, 19)
(3, 17, 10, 18, 2, 19, 18)
(17, 10, 18, 2, 19, 18, 17)
(3, 3, 3, 3, 3, 3, 2)
(10, 18, 2, 19, 18, 17, 17)
(17, 3, 3, 3, 3, 3, 3)
(18, 2, 19, 18, 17, 17, 17)
(3, 3, 3, 3, 3, 3, 4)
(3, 3, 3, 3, 3, 4, 3)
(3, 3, 3, 3, 4, 3, 17)
(3, 3, 3, 3, 3, 2, 1)
(19, 18, 17, 17, 17, 3, 3)
(3, 3, 3, 3, 3, 3, 3)
(18, 17, 17, 17, 3, 3, 3)
(3, 3, 3, 3, 3, 3, 3)
(17, 17, 17, 3, 3, 3, 3)
(3, 3, 3, 4, 3, 17, 10)
(3, 3, 4, 3, 17, 10, 18)
(3, 4, 3, 17, 10, 18, 2)
(4, 3, 17, 10, 18, 2, 19)
(3, 17, 10, 18, 2, 19, 18)
(2, 19, 18, 17, 17, 17, 3)
(17, 10, 18, 2, 19, 18, 17)
(3, 3, 3, 3, 2, 1, 3)
(10, 18, 2, 19, 18, 17, 17)
(18, 2, 19, 18, 17, 17, 17)
(3, 3, 3, 2, 1, 3, 3)
(19, 18, 17, 17, 17, 3, 3)
(2, 19, 18, 17, 17, 17, 3)
(3, 3, 2, 1, 3, 3, 3)
(3, 2, 1, 3, 3, 3, 3)
(18, 17, 17, 17, 3, 3, 3)
(17, 17, 17, 3, 3, 3, 3)
(2, 1, 3, 3, 3, 3, 3)
(1, 3, 3, 3, 3, 3, 3)
(3, 3, 3, 3, 3, 3, 3)
(3, 3, 3, 3, 3, 3, 2)
(3, 3, 3, 3, 3, 2, 1)
(17, 17, 3, 3, 3, 3, 3)
(17, 3, 3, 3, 3, 3, 3)
(3, 3, 3, 3, 2, 1, 3)
(3, 3, 3, 3, 3, 3, 3)
(3, 3, 3, 3, 3, 3, 3)
(3, 3, 3, 2, 1, 3, 3)
(19, 18, 17, 17, 17, 3, 3)
(18, 17, 17, 17, 3, 3, 3)
(3, 3, 2, 1, 3, 3, 3)
(17, 17, 3, 3, 3, 3, 3)
(17, 3, 3, 3, 3, 3, 3)
(3, 2, 1, 3, 3, 3, 3)
(3, 3, 3, 3, 3, 3, 3)
(3, 3, 3, 3, 3, 3, 3)
(2, 1, 3, 3, 3, 3, 3)
(3, 3, 3, 3, 3, 3, 3)
(3, 3, 3, 3, 3, 3, 3)
(1, 3, 3, 3, 3, 3, 3)
(17, 17, 17, 3, 3, 3, 3)
(17, 17, 3, 3, 3, 3, 3)
(3, 3, 3, 3, 3, 3, 3)
(3, 3, 3, 3, 3, 3, 3)
(3, 3, 3, 3, 3, 3, 3)
(3, 3, 3, 3, 3, 3, 3)
(3, 3, 3, 3, 3, 3, 3)
(3, 3, 3, 3, 3, 3, 3)
(3, 3, 3, 3, 3, 3, 3)
(3, 3, 3, 3, 3, 3, 3)
(3, 3, 3, 3, 3, 3, 3)
(3, 3, 3, 3, 3, 3, 3)
(17, 3, 3, 3, 3, 3, 3)
(3, 3, 3, 3, 3, 3, 3)
(3, 3, 3, 3, 3, 3, 3)
(3, 3, 3, 3, 3, 3, 3)
(3, 3, 3, 3, 3, 3, 3)
(3, 3, 3, 3, 3, 3, 3)
(3, 3, 3, 3, 3, 3, 3)
(3, 3, 3, 3, 3, 3, 3)
(3, 3, 3, 3, 3, 3, 3)
(3, 3, 3, 3, 3, 3, 3)
(3, 3, 3, 3, 3, 3, 3)
(3, 3, 3, 3, 3, 3, 3)
(3, 3, 3, 3, 3, 3, 3)
(3, 3, 3, 3, 3, 3, 3)
(3, 3, 3, 3, 3, 3, 3)
(3, 3, 3, 3, 3, 3, 3)
(3, 3, 3, 3, 3, 3, 3)
(3, 3, 3, 3, 3, 3, 3)
(3, 3, 3, 3, 3, 3, 9)
(3, 3, 3, 3, 3, 9, 9)
(9, 9, 9, 3, 3, 3, 3)
(3, 3, 3, 3, 3, 3, 3)
(3, 3, 3, 3, 3, 3, 3)
(3, 3, 3, 3, 9, 9, 3)
(9, 9, 3, 3, 3, 3, 3)
(3, 3, 3, 9, 9, 3, 3)
(3, 3, 9, 9, 3, 3, 14)
(3, 9, 9, 3, 3, 14, 14)
(9, 9, 3, 3, 14, 14, 14)
(9, 3, 3, 14, 14, 14, 14)
(3, 3, 14, 14, 14, 14, 14)
(3, 14, 14, 14, 14, 14, 14)
(14, 14, 14, 14, 14, 14, 14)
(14, 14, 14, 14, 14, 14, 14)
(14, 14, 14, 14, 14, 14, 14)
(14, 14, 14, 14, 14, 14, 14)
(14, 14, 14, 14, 14, 14, 14)
(14, 14, 14, 14, 14, 14, 14)
(14, 14, 14, 14, 14, 14, 14)
(14, 14, 14, 14, 14, 14, 14)
(14, 14, 14, 14, 14, 14, 14)
(14, 14, 14, 14, 14, 14, 14)
(14, 14, 14, 14, 14, 14, 14)
(14, 14, 14, 14, 14, 14, 14)
(14, 14, 14, 14, 14, 14, 14)
(14, 14, 14, 14, 14, 14, 14)
(14, 14, 14, 14, 14, 14, 14)
(14, 14, 14, 14, 14, 14, 14)
(14, 14, 14, 14, 14, 14, 14)
(14, 14, 14, 14, 14, 14, 14)
(14, 14, 14, 14, 14, 14, 14)
(14, 14, 14, 14, 14, 14, 14)
(14, 14, 14, 14, 14, 14, 14)
(14, 14, 14, 14, 14, 14, 14)
(14, 14, 14, 14, 14, 14, 14)
(14, 14, 14, 14, 14, 14, 14)
(14, 14, 14, 14, 14, 14, 14)
(14, 14, 14, 14, 14, 14, 14)
(14, 14, 14, 14, 14, 14, 14)
(14, 14, 14, 14, 14, 14, 14)
(3, 3, 3, 3, 3, 3, 3)
(3, 3, 3, 3, 3, 3, 3)
(14, 14, 14, 14, 14, 14, 3)
(3, 3, 3, 3, 3, 3, 3)
(3, 3, 3, 3, 3, 3, 3)
(14, 14, 14, 14, 14, 3, 3)
(3, 3, 3, 3, 3, 3, 3)
(3, 3, 3, 3, 3, 3, 3)
(14, 14, 14, 14, 3, 3, 3)
(3, 3, 3, 3, 3, 3, 3)
(3, 3, 3, 3, 3, 3, 3)
(14, 14, 14, 3, 3, 3, 3)
(3, 3, 3, 3, 3, 3, 3)
(3, 3, 3, 3, 3, 3, 3)
(14, 14, 3, 3, 3, 3, 3)
(3, 3, 3, 3, 3, 3, 3)
(3, 3, 3, 3, 3, 3, 3)
(14, 3, 3, 3, 3, 3, 3)
(3, 3, 3, 3, 3, 3, 3)
(3, 3, 3, 3, 3, 3, 3)
(3, 3, 3, 3, 3, 3, 3)
(3, 3, 3, 3, 3, 3, 3)
(3, 3, 3, 3, 3, 3, 3)
(3, 3, 3, 3, 3, 3, 3)
(3, 3, 3, 3, 3, 3, 3)
(3, 3, 3, 3, 3, 3, 3)
(3, 3, 3, 3, 3, 3, 3)
(3, 3, 3, 3, 3, 3, 3)
(3, 3, 3, 3, 3, 3, 3)
(3, 3, 3, 3, 3, 3, 3)
(3, 3, 3, 3, 3, 3, 3)
(3, 3, 3, 3, 3, 3, 3)
(3, 3, 3, 3, 3, 3, 3)
(3, 3, 3, 3, 3, 3, 3)
(3, 3, 3, 3, 3, 3, 3)
(3, 3, 3, 3, 3, 3, 3)
(3, 3, 3, 3, 3, 3, 3)
(3, 3, 3, 3, 3, 3, 3)
(3, 3, 3, 3, 3, 3, 3)
(3, 3, 3, 3, 3, 3, 3)
(3, 3, 3, 3, 3, 3, 3)
(3, 3, 3, 3, 3, 3, 3)
(3, 3, 3, 3, 3, 3, 3)
(3, 3, 3, 3, 3, 3, 4)
(3, 3, 3, 3, 3, 4, 3)
(3, 3, 3, 3, 3, 3, 3)
(3, 3, 3, 3, 3, 3, 14)
(3, 3, 3, 3, 3, 14, 14)
(3, 3, 3, 3, 14, 14, 14)
(3, 3, 3, 14, 14, 14, 14)
(3, 3, 14, 14, 14, 14, 14)
(3, 14, 14, 14, 14, 14, 14)
(14, 14, 14, 14, 14, 14, 14)
(14, 14, 14, 14, 14, 14, 14)
(14, 14, 14, 14, 14, 14, 14)
(14, 14, 14, 14, 14, 14, 14)
(14, 14, 14, 14, 14, 14, 14)
(14, 14, 14, 14, 14, 14, 14)
(14, 14, 14, 14, 14, 14, 14)
(14, 14, 14, 14, 14, 14, 14)
(14, 14, 14, 14, 14, 14, 14)
(14, 14, 14, 14, 14, 14, 14)
(14, 14, 14, 14, 14, 14, 14)
(14, 14, 14, 14, 14, 14, 14)
(14, 14, 14, 14, 14, 14, 14)
(14, 14, 14, 14, 14, 14, 14)
(14, 14, 14, 14, 14, 14, 14)
(14, 14, 14, 14, 14, 14, 14)
(14, 14, 14, 14, 14, 14, 14)
(14, 14, 14, 14, 14, 14, 14)
(14, 14, 14, 14, 14, 14, 14)
(14, 14, 14, 14, 14, 14, 14)
(14, 14, 14, 14, 14, 14, 14)
(14, 14, 14, 14, 14, 14, 14)
(14, 14, 14, 14, 14, 14, 14)
(14, 14, 14, 14, 14, 14, 14)
(14, 14, 14, 14, 14, 14, 9)
(14, 14, 14, 14, 14, 9, 9)
(3, 3, 3, 3, 3, 3, 3)
(3, 3, 3, 3, 3, 3, 3)
(14, 14, 14, 14, 9, 9, 3)
(14, 14, 14, 9, 9, 3, 14)
(3, 3, 3, 3, 3, 3, 3)
(3, 3, 3, 3, 3, 3, 3)
(14, 14, 9, 9, 3, 14, 3)
(3, 3, 3, 3, 3, 3, 3)
(3, 3, 3, 3, 3, 3, 3)
(14, 9, 9, 3, 14, 3, 3)
(3, 3, 3, 3, 3, 3, 3)
(9, 9, 3, 14, 3, 3, 3)
(3, 3, 3, 3, 3, 3, 3)
(9, 3, 14, 3, 3, 3, 3)
(3, 3, 3, 3, 3, 3, 3)
(3, 3, 3, 3, 3, 3, 3)
(3, 14, 3, 3, 3, 3, 3)
(3, 3, 3, 3, 3, 3, 3)
(3, 3, 3, 3, 3, 3, 3)
(3, 3, 3, 3, 3, 3, 3)
(9, 3, 3, 3, 3, 3, 3)
(3, 3, 3, 3, 3, 3, 3)
(14, 3, 3, 3, 3, 3, 3)
(3, 3, 3, 3, 3, 3, 3)
(3, 3, 3, 3, 3, 3, 3)
(3, 3, 3, 3, 3, 3, 3)
(3, 3, 3, 3, 3, 3, 3)
(3, 3, 3, 3, 3, 3, 3)
(3, 3, 3, 3, 3, 3, 3)
(3, 3, 3, 3, 3, 3, 3)
(3, 3, 3, 3, 3, 3, 3)
(3, 3, 3, 3, 3, 3, 3)
(3, 3, 3, 3, 3, 3, 3)
(3, 3, 3, 3, 3, 3, 3)
(3, 3, 3, 3, 3, 3, 3)
(3, 3, 3, 3, 3, 3, 3)
(3, 3, 3, 3, 3, 3, 3)
(3, 3, 3, 3, 3, 3, 3)
(3, 3, 3, 3, 3, 3, 3)
(3, 3, 3, 3, 3, 3, 3)
(3, 3, 3, 3, 3, 3, 3)
(3, 3, 3, 3, 3, 3, 9)
(3, 3, 3, 3, 3, 9, 23)
(3, 3, 3, 3, 9, 23, 24)
(3, 3, 3, 9, 23, 24, 3)
(3, 3, 3, 3, 3, 3, 3)
(3, 3, 3, 3, 3, 3, 9)
(3, 3, 3, 3, 3, 9, 23)
(3, 3, 3, 3, 9, 23, 24)
(3, 3, 9, 23, 24, 3, 3)
(3, 3, 3, 9, 23, 24, 3)
(3, 3, 3, 3, 3, 3, 3)
(3, 3, 3, 3, 3, 3, 9)
(3, 9, 23, 24, 3, 3, 3)
(3, 3, 3, 3, 3, 9, 23)
(3, 3, 3, 3, 9, 23, 24)
(3, 3, 3, 3, 3, 3, 3)
(3, 3, 9, 23, 24, 3, 3)
(3, 3, 3, 3, 3, 3, 9)
(3, 3, 3, 9, 23, 24, 3)
(3, 9, 23, 24, 3, 3, 3)
(3, 3, 3, 3, 3, 9, 23)
(9, 23, 24, 3, 3, 3, 3)
(3, 3, 3, 3, 9, 23, 24)
(23, 24, 3, 3, 3, 3, 3)
(3, 3, 3, 9, 23, 24, 3)
(3, 3, 3, 3, 3, 3, 3)
(3, 3, 3, 3, 3, 3, 3)
(3, 3, 9, 23, 24, 3, 3)
(3, 3, 3, 3, 3, 3, 3)
(3, 3, 3, 3, 3, 3, 3)
(3, 3, 3, 3, 3, 3, 3)
(9, 23, 24, 3, 3, 3, 3)
(23, 24, 3, 3, 3, 3, 3)
(3, 3, 3, 3, 3, 3, 3)
(3, 3, 3, 3, 3, 3, 3)
(3, 3, 3, 3, 3, 3, 3)
(3, 3, 3, 3, 3, 3, 2)
(3, 3, 3, 3, 3, 2, 1)
(3, 3, 3, 3, 3, 3, 3)
(3, 3, 3, 3, 3, 3, 4)
(3, 3, 3, 3, 3, 4, 6)
(3, 3, 3, 3, 4, 6, 3)
(3, 3, 3, 3, 2, 1, 3)
(3, 3, 3, 2, 1, 3, 2)
(3, 3, 2, 1, 3, 2, 1)
(3, 2, 1, 3, 2, 1, 7)
(2, 1, 3, 2, 1, 7, 6)
(1, 3, 2, 1, 7, 6, 6)
(3, 2, 1, 7, 6, 6, 37)
(2, 1, 7, 6, 6, 37, 6)
(1, 7, 6, 6, 37, 6, 5)
(7, 6, 6, 37, 6, 5, 38)
(6, 6, 37, 6, 5, 38, 25)
(6, 37, 6, 5, 38, 25, 7)
(37, 6, 5, 38, 25, 7, 6)
(6, 5, 38, 25, 7, 6, 6)
(5, 38, 25, 7, 6, 6, 37)
(38, 25, 7, 6, 6, 37, 6)
(25, 7, 6, 6, 37, 6, 5)
(7, 6, 6, 37, 6, 5, 38)
(6, 6, 37, 6, 5, 38, 7)
(6, 37, 6, 5, 38, 7, 6)
(37, 6, 5, 38, 7, 6, 6)
(6, 5, 38, 7, 6, 6, 37)
(5, 38, 7, 6, 6, 37, 6)
(38, 7, 6, 6, 37, 6, 5)
(7, 6, 6, 37, 6, 5, 38)
(6, 6, 37, 6, 5, 38, 7)
(6, 37, 6, 5, 38, 7, 6)
(37, 6, 5, 38, 7, 6, 6)
(6, 5, 38, 7, 6, 6, 37)
(5, 38, 7, 6, 6, 37, 6)
(38, 7, 6, 6, 37, 6, 5)
(7, 6, 6, 37, 6, 5, 38)
(6, 6, 37, 6, 5, 38, 7)
(6, 37, 6, 5, 38, 7, 6)
(37, 6, 5, 38, 7, 6, 6)
(6, 5, 38, 7, 6, 6, 37)
(5, 38, 7, 6, 6, 37, 6)
(38, 7, 6, 6, 37, 6, 5)
(7, 6, 6, 37, 6, 5, 38)
(6, 6, 37, 6, 5, 38, 7)
(6, 37, 6, 5, 38, 7, 6)
(37, 6, 5, 38, 7, 6, 6)
(6, 5, 38, 7, 6, 6, 37)
(5, 38, 7, 6, 6, 37, 6)
(38, 7, 6, 6, 37, 6, 5)
(7, 6, 6, 37, 6, 5, 38)
(6, 6, 37, 6, 5, 38, 7)
(6, 37, 6, 5, 38, 7, 6)
(37, 6, 5, 38, 7, 6, 6)
(6, 5, 38, 7, 6, 6, 37)
(5, 38, 7, 6, 6, 37, 6)
(38, 7, 6, 6, 37, 6, 5)
(7, 6, 6, 37, 6, 5, 38)
