(3, 3, 3, 3, 3, 3, 3)
(3, 3, 3, 3, 3, 3, 17)
(3, 3, 3, 3, 3, 17, 10)
(3, 3, 3, 3, 17, 10, 18)
(3, 3, 3, 17, 10, 18, 2)
(3, 3, 17, 10, 18, 2, 19)
(3, 17, 10, 18, 2, 19, 18)
(17, 10, 18, 2, 19, 18, 17)
(10, 18, 2, 19, 18, 17, 17)
(18, 2, 19, 18, 17, 17, 17)
(19, 18, 17, 17, 17, 3, 3)
(18, 17, 17, 17, 3, 3, 3)
(17, 17, 17, 3, 3, 3, 17)
(17, 17, 3, 3, 3, 17, 10)
(17, 3, 3, 3, 17, 10, 18)
(3, 3, 3, 17, 10, 18, 2)
(3, 3, 17, 10, 18, 2, 19)
(3, 17, 10, 18, 2, 19, 18)
(17, 10, 18, 2, 19, 18, 17)
(10, 18, 2, 19, 18, 17, 17)
(18, 2, 19, 18, 17, 17, 17)
(3, 3, 3, 4, 5, 3, 3)
(3, 3, 4, 5, 3, 3, 3)
(3, 4, 5, 3, 3, 3, 17)
(4, 5, 3, 3, 3, 17, 10)
(5, 3, 3, 3, 17, 10, 18)
(3, 3, 3, 17, 10, 18, 2)
(3, 3, 17, 10, 18, 2, 19)
(3, 17, 10, 18, 2, 19, 18)
(3, 3, 2, 1, 3, 3, 3)
(17, 10, 18, 2, 19, 18, 17)
(10, 18, 2, 19, 18, 17, 17)
(18, 2, 19, 18, 17, 17, 17)
(17, 3, 3, 3, 3, 3, 3)
(3, 3, 3, 3, 3, 3, 2)
(3, 3, 3, 3, 3, 2, 3)
(3, 3, 3, 3, 2, 3, 17)
(3, 3, 3, 2, 3, 17, 10)
(3, 3, 2, 3, 17, 10, 18)
(3, 2, 3, 17, 10, 18, 2)
(2, 3, 17, 10, 18, 2, 19)
(3, 17, 10, 18, 2, 19, 18)
(17, 10, 18, 2, 19, 18, 17)
(10, 18, 2, 19, 18, 17, 17)
(2, 19, 18, 17, 17, 17, 3)
(18, 2, 19, 18, 17, 17, 17)
(2, 19, 18, 17, 17, 17, 4)
(19, 18, 17, 17, 17, 4, 3)
(18, 17, 17, 17, 4, 3, 17)
(17, 17, 17, 4, 3, 17, 10)
(17, 17, 4, 3, 17, 10, 18)
(17, 4, 3, 17, 10, 18, 2)
(4, 3, 17, 10, 18, 2, 19)
(3, 2, 1, 3, 3, 3, 2)
(3, 17, 10, 18, 2, 19, 18)
(17, 10, 18, 2, 19, 18, 17)
(10, 18, 2, 19, 18, 17, 17)
(18, 2, 19, 18, 17, 17, 17)
(2, 19, 18, 17, 17, 17, 3)
(2, 19, 18, 17, 17, 17, 4)
(19, 18, 17, 17, 17, 4, 3)
(18, 17, 17, 17, 4, 3, 17)
(2, 1, 3, 3, 3, 2, 1)
(17, 17, 17, 4, 3, 17, 10)
(17, 17, 4, 3, 17, 10, 18)
(17, 4, 3, 17, 10, 18, 2)
(4, 3, 17, 10, 18, 2, 19)
(2, 19, 18, 17, 17, 17, 3)
(19, 18, 17, 17, 17, 3, 3)
(3, 17, 10, 18, 2, 19, 18)
(19, 18, 17, 17, 17, 3, 3)
(17, 10, 18, 2, 19, 18, 17)
(19, 18, 17, 17, 17, 3, 3)
(10, 18, 2, 19, 18, 17, 17)
(18, 17, 17, 17, 3, 3, 3)
(18, 17, 17, 17, 3, 3, 3)
(17, 17, 17, 3, 3, 3, 3)
(1, 3, 3, 3, 2, 1, 2)
(18, 2, 19, 18, 17, 17, 17)
(3, 3, 3, 2, 1, 2, 1)
(2, 19, 18, 17, 17, 17, 3)
(3, 3, 2, 1, 2, 1, 3)
(3, 2, 1, 2, 1, 3, 3)
(18, 17, 17, 17, 3, 3, 3)
(17, 17, 3, 3, 3, 3, 3)
(17, 17, 17, 3, 3, 3, 4)
(17, 3, 3, 3, 3, 3, 3)
(17, 17, 17, 3, 3, 3, 3)
(2, 1, 2, 1, 3, 3, 3)
(17, 17, 3, 3, 3, 4, 2)
(1, 2, 1, 3, 3, 3, 3)
(17, 3, 3, 3, 4, 2, 3)
(2, 1, 3, 3, 3, 3, 3)
(1, 3, 3, 3, 3, 3, 3)
(3, 3, 3, 3, 3, 3, 3)
(3, 3, 3, 3, 3, 3, 2)
(3, 3, 3, 3, 3, 2, 1)
(19, 18, 17, 17, 17, 3, 3)
(18, 17, 17, 17, 3, 3, 3)
(3, 3, 3, 3, 2, 1, 3)
(17, 17, 3, 3, 3, 3, 3)
(17, 3, 3, 3, 3, 3, 3)
(3, 3, 3, 2, 1, 3, 3)
(3, 3, 3, 3, 3, 3, 3)
(3, 3, 3, 3, 3, 3, 3)
(3, 3, 2, 1, 3, 3, 3)
(3, 3, 3, 4, 2, 3, 3)
(3, 3, 4, 2, 3, 3, 3)
(3, 2, 1, 3, 3, 3, 3)
(17, 17, 17, 3, 3, 3, 3)
(17, 17, 3, 3, 3, 3, 3)
(2, 1, 3, 3, 3, 3, 3)
(3, 3, 3, 3, 3, 3, 3)
(3, 3, 3, 3, 3, 3, 3)
(1, 3, 3, 3, 3, 3, 3)
(3, 3, 3, 3, 3, 3, 14)
(3, 3, 3, 3, 3, 14, 14)
(3, 3, 3, 3, 14, 14, 14)
(3, 3, 3, 14, 14, 14, 14)
(3, 3, 14, 14, 14, 14, 14)
(3, 14, 14, 14, 14, 14, 14)
(14, 14, 14, 14, 14, 14, 14)
(14, 14, 14, 14, 14, 14, 14)
(14, 14, 14, 14, 14, 14, 14)
(14, 14, 14, 14, 14, 14, 14)
(9, 27, 9, 27, 9, 3, 3)
(27, 9, 27, 9, 3, 3, 27)
(9, 27, 9, 3, 3, 27, 9)
(27, 9, 3, 3, 27, 9, 27)
(9, 3, 3, 27, 9, 27, 9)
(3, 3, 27, 9, 27, 9, 27)
(3, 27, 9, 27, 9, 27, 9)
(27, 9, 27, 9, 27, 9, 27)
(9, 3, 3, 3, 3, 3, 3)
(3, 3, 3, 3, 3, 3, 3)
(9, 27, 9, 27, 9, 27, 9)
(14, 14, 14, 14, 14, 14, 14)
(14, 14, 14, 14, 14, 14, 3)
(27, 9, 27, 9, 27, 9, 3)
(14, 14, 14, 14, 14, 3, 3)
(3, 3, 3, 3, 3, 3, 3)
(3, 3, 3, 3, 3, 3, 3)
(3, 3, 3, 3, 3, 3, 3)
(14, 14, 14, 14, 3, 3, 3)
(14, 14, 14, 3, 3, 3, 3)
(3, 3, 3, 3, 3, 3, 3)
(3, 3, 3, 3, 3, 3, 3)
(14, 14, 3, 3, 3, 3, 3)
(14, 3, 3, 3, 3, 3, 9)
(3, 3, 3, 3, 3, 9, 9)
(3, 3, 3, 3, 9, 9, 9)
(3, 3, 3, 9, 9, 9, 9)
(3, 3, 9, 9, 9, 9, 14)
(3, 9, 9, 9, 9, 14, 14)
(3, 3, 3, 3, 3, 3, 3)
(3, 3, 3, 3, 3, 3, 4)
(3, 3, 3, 3, 3, 4, 6)
(3, 3, 3, 3, 4, 6, 3)
(9, 9, 9, 9, 14, 14, 3)
(9, 9, 9, 14, 14, 3, 2)
(9, 9, 14, 14, 3, 2, 1)
(9, 14, 14, 3, 2, 1, 5)
(14, 14, 3, 2, 1, 5, 2)
(14, 3, 2, 1, 5, 2, 7)
(3, 4, 2, 3, 3, 3, 3)
(4, 2, 3, 3, 3, 3, 5)
(2, 3, 3, 3, 3, 5, 8)
(3, 3, 3, 3, 5, 8, 8)
(17, 3, 3, 3, 3, 3, 3)
(3, 3, 3, 3, 3, 3, 4)
(3, 3, 3, 5, 8, 8, 10)
(3, 3, 5, 8, 8, 10, 7)
(3, 5, 8, 8, 10, 7, 3)
(3, 3, 3, 3, 3, 4, 7)
(3, 3, 3, 3, 4, 7, 3)
(3, 2, 1, 5, 2, 7, 3)
(2, 1, 5, 2, 7, 3, 3)
(1, 5, 2, 7, 3, 3, 11)
(5, 2, 7, 3, 3, 11, 9)
(2, 7, 3, 3, 11, 9, 9)
(7, 3, 3, 11, 9, 9, 1)
(3, 3, 11, 9, 9, 1, 1)
(3, 3, 3, 3, 3, 3, 3)
(3, 3, 3, 3, 3, 3, 27)
(3, 11, 9, 9, 1, 1, 3)
(3, 3, 3, 3, 3, 27, 9)
(3, 3, 3, 3, 27, 9, 3)
(11, 9, 9, 1, 1, 3, 3)
(3, 3, 3, 27, 9, 3, 27)
(3, 3, 27, 9, 3, 27, 9)
(3, 27, 9, 3, 27, 9, 27)
(27, 9, 3, 27, 9, 27, 9)
(9, 9, 1, 1, 3, 3, 2)
(9, 1, 1, 3, 3, 2, 1)
(9, 3, 27, 9, 27, 9, 27)
(3, 27, 9, 27, 9, 27, 9)
(27, 9, 27, 9, 27, 9, 3)
(1, 1, 3, 3, 2, 1, 14)
(1, 3, 3, 2, 1, 14, 3)
(3, 3, 3, 3, 3, 3, 3)
(3, 3, 2, 1, 14, 3, 3)
(3, 2, 1, 14, 3, 3, 3)
(3, 3, 3, 3, 3, 3, 3)
(3, 3, 3, 3, 3, 3, 3)
(2, 1, 14, 3, 3, 3, 3)
(3, 3, 3, 3, 3, 3, 3)
(3, 3, 3, 3, 3, 3, 3)
(3, 3, 3, 3, 3, 3, 3)
(1, 14, 3, 3, 3, 3, 3)
(14, 3, 3, 3, 3, 3, 3)
(3, 3, 3, 3, 3, 3, 3)
(3, 3, 3, 3, 3, 3, 3)
(3, 3, 3, 3, 3, 3, 3)
(3, 3, 3, 3, 3, 3, 3)
(3, 3, 3, 3, 3, 3, 17)
(3, 3, 3, 3, 3, 17, 10)
(3, 3, 3, 3, 17, 10, 18)
(3, 3, 3, 17, 10, 18, 2)
(3, 3, 17, 10, 18, 2, 19)
(3, 17, 10, 18, 2, 19, 18)
(17, 10, 18, 2, 19, 18, 17)
(10, 18, 2, 19, 18, 17, 17)
(18, 2, 19, 18, 17, 17, 17)
(3, 3, 3, 3, 3, 3, 3)
(3, 3, 3, 4, 6, 3, 3)
(3, 3, 4, 6, 3, 3, 3)
(3, 4, 6, 3, 3, 3, 17)
(4, 6, 3, 3, 3, 17, 10)
(6, 3, 3, 3, 17, 10, 18)
(3, 3, 3, 17, 10, 18, 2)
(3, 3, 17, 10, 18, 2, 19)
(3, 17, 10, 18, 2, 19, 18)
(17, 10, 18, 2, 19, 18, 17)
(10, 18, 2, 19, 18, 17, 17)
(18, 2, 19, 18, 17, 17, 17)
(5, 8, 8, 10, 7, 3, 3)
(8, 8, 10, 7, 3, 3, 3)
(8, 10, 7, 3, 3, 3, 17)
(10, 7, 3, 3, 3, 17, 10)
(7, 3, 3, 3, 17, 10, 18)
(3, 3, 3, 17, 10, 18, 2)
(3, 3, 17, 10, 18, 2, 19)
(3, 17, 10, 18, 2, 19, 18)
(17, 10, 18, 2, 19, 18, 17)
(10, 18, 2, 19, 18, 17, 17)
(18, 2, 19, 18, 17, 17, 17)
(3, 3, 3, 4, 7, 3, 3)
(3, 3, 4, 7, 3, 3, 3)
(3, 4, 7, 3, 3, 3, 17)
(4, 7, 3, 3, 3, 17, 10)
(7, 3, 3, 3, 17, 10, 18)
(2, 19, 18, 17, 17, 17, 3)
(3, 3, 3, 17, 10, 18, 2)
(3, 3, 17, 10, 18, 2, 19)
(19, 18, 17, 17, 17, 3, 3)
(3, 3, 3, 3, 3, 3, 9)
(3, 17, 10, 18, 2, 19, 18)
(17, 10, 18, 2, 19, 18, 17)
(2, 19, 18, 17, 17, 17, 3)
(10, 18, 2, 19, 18, 17, 17)
(18, 2, 19, 18, 17, 17, 17)
(3, 3, 3, 3, 3, 9, 9)
(2, 19, 18, 17, 17, 17, 4)
(19, 18, 17, 17, 17, 4, 3)
(18, 17, 17, 17, 4, 3, 17)
(3, 3, 3, 3, 9, 9, 9)
(2, 19, 18, 17, 17, 17, 3)
(19, 18, 17, 17, 17, 3, 3)
(19, 18, 17, 17, 17, 3, 3)
(18, 17, 17, 17, 3, 3, 3)
(18, 17, 17, 17, 3, 3, 3)
(17, 17, 17, 4, 3, 17, 10)
(17, 17, 4, 3, 17, 10, 18)
(3, 3, 3, 9, 9, 9, 9)
(17, 4, 3, 17, 10, 18, 2)
(4, 3, 17, 10, 18, 2, 19)
(3, 17, 10, 18, 2, 19, 18)
(17, 10, 18, 2, 19, 18, 17)
(10, 18, 2, 19, 18, 17, 17)
(18, 2, 19, 18, 17, 17, 17)
(2, 19, 18, 17, 17, 17, 3)
(3, 3, 9, 9, 9, 9, 3)
(3, 9, 9, 9, 9, 3, 3)
(9, 9, 9, 9, 3, 3, 3)
(9, 9, 9, 3, 3, 3, 3)
(9, 9, 3, 3, 3, 3, 2)
(9, 3, 3, 3, 3, 2, 1)
(18, 17, 17, 17, 3, 3, 3)
(17, 17, 17, 3, 3, 3, 3)
(3, 3, 3, 3, 2, 1, 3)
(19, 18, 17, 17, 17, 3, 3)
(18, 17, 17, 17, 3, 3, 3)
(3, 3, 3, 2, 1, 3, 3)
(17, 17, 17, 3, 3, 3, 3)
(17, 17, 3, 3, 3, 3, 3)
(3, 3, 2, 1, 3, 3, 3)
(17, 17, 17, 3, 3, 3, 3)
(17, 17, 3, 3, 3, 3, 3)
(3, 2, 1, 3, 3, 3, 3)
(17, 17, 3, 3, 3, 3, 3)
(17, 3, 3, 3, 3, 3, 3)
(2, 1, 3, 3, 3, 3, 3)
(17, 17, 17, 3, 3, 3, 3)
(17, 17, 3, 3, 3, 3, 17)
(17, 3, 3, 3, 3, 17, 10)
(3, 3, 3, 3, 17, 10, 18)
(3, 3, 3, 17, 10, 18, 2)
(3, 3, 17, 10, 18, 2, 19)
(3, 17, 10, 18, 2, 19, 18)
(17, 10, 18, 2, 19, 18, 17)
(10, 18, 2, 19, 18, 17, 17)
(18, 2, 19, 18, 17, 17, 17)
(2, 19, 18, 17, 17, 17, 3)
(1, 3, 3, 3, 3, 3, 3)
(17, 3, 3, 3, 3, 3, 3)
(3, 3, 3, 3, 3, 3, 4)
(3, 3, 3, 3, 3, 4, 5)
(3, 3, 3, 3, 4, 5, 3)
(3, 3, 3, 3, 3, 3, 3)
(3, 3, 3, 3, 3, 3, 2)
(3, 3, 3, 3, 3, 2, 1)
(17, 3, 3, 3, 3, 3, 3)
(3, 3, 3, 3, 3, 3, 3)
(3, 3, 3, 3, 2, 1, 3)
(3, 3, 3, 2, 1, 3, 3)
(3, 3, 3, 3, 3, 3, 3)
(3, 3, 3, 3, 3, 3, 3)
(3, 3, 3, 3, 3, 3, 17)
(3, 3, 3, 3, 3, 17, 10)
(3, 3, 3, 3, 17, 10, 18)
(3, 3, 3, 17, 10, 18, 2)
(3, 3, 17, 10, 18, 2, 19)
(3, 17, 10, 18, 2, 19, 18)
(17, 10, 18, 2, 19, 18, 17)
(10, 18, 2, 19, 18, 17, 17)
(18, 2, 19, 18, 17, 17, 17)
(19, 18, 17, 17, 17, 3, 3)
(18, 17, 17, 17, 3, 3, 3)
(17, 17, 17, 3, 3, 3, 17)
(17, 17, 3, 3, 3, 17, 10)
(17, 3, 3, 3, 17, 10, 18)
(3, 3, 3, 17, 10, 18, 2)
(3, 3, 17, 10, 18, 2, 19)
(3, 17, 10, 18, 2, 19, 18)
(17, 10, 18, 2, 19, 18, 17)
(10, 18, 2, 19, 18, 17, 17)
(18, 2, 19, 18, 17, 17, 17)
(3, 3, 3, 4, 5, 3, 3)
(3, 3, 4, 5, 3, 3, 3)
(3, 4, 5, 3, 3, 3, 17)
(4, 5, 3, 3, 3, 17, 10)
(5, 3, 3, 3, 17, 10, 18)
(3, 3, 3, 17, 10, 18, 2)
(3, 3, 17, 10, 18, 2, 19)
(3, 17, 10, 18, 2, 19, 18)
(17, 10, 18, 2, 19, 18, 17)
(10, 18, 2, 19, 18, 17, 17)
(18, 2, 19, 18, 17, 17, 17)
(3, 3, 3, 3, 3, 3, 3)
(3, 3, 3, 3, 3, 3, 2)
(3, 3, 3, 3, 3, 2, 3)
(3, 3, 3, 3, 2, 3, 17)
(3, 3, 2, 1, 3, 3, 3)
(3, 3, 3, 2, 3, 17, 10)
(3, 3, 2, 3, 17, 10, 18)
(3, 2, 3, 17, 10, 18, 2)
(2, 3, 17, 10, 18, 2, 19)
(3, 17, 10, 18, 2, 19, 18)
(17, 10, 18, 2, 19, 18, 17)
(10, 18, 2, 19, 18, 17, 17)
(18, 2, 19, 18, 17, 17, 17)
(2, 19, 18, 17, 17, 17, 3)
(19, 18, 17, 17, 17, 3, 4)
(18, 17, 17, 17, 3, 4, 17)
(17, 17, 17, 3, 4, 17, 10)
(3, 2, 1, 3, 3, 3, 2)
(2, 1, 3, 3, 3, 2, 1)
(17, 17, 3, 4, 17, 10, 18)
(17, 3, 4, 17, 10, 18, 2)
(3, 4, 17, 10, 18, 2, 19)
(4, 17, 10, 18, 2, 19, 18)
(17, 10, 18, 2, 19, 18, 17)
(10, 18, 2, 19, 18, 17, 17)
(18, 2, 19, 18, 17, 17, 17)
(2, 19, 18, 17, 17, 17, 4)
(19, 18, 17, 17, 17, 4, 3)
(18, 17, 17, 17, 4, 3, 17)
(2, 19, 18, 17, 17, 17, 3)
(1, 3, 3, 3, 2, 1, 2)
(19, 18, 17, 17, 17, 3, 3)
(17, 17, 17, 4, 3, 17, 10)
(17, 17, 4, 3, 17, 10, 18)
(17, 4, 3, 17, 10, 18, 2)
(4, 3, 17, 10, 18, 2, 19)
(3, 17, 10, 18, 2, 19, 18)
(17, 10, 18, 2, 19, 18, 17)
(2, 19, 18, 17, 17, 17, 3)
(10, 18, 2, 19, 18, 17, 17)
(2, 19, 18, 17, 17, 17, 3)
(19, 18, 17, 17, 17, 3, 4)
(19, 18, 17, 17, 17, 3, 3)
(18, 2, 19, 18, 17, 17, 17)
(2, 19, 18, 17, 17, 17, 3)
(18, 17, 17, 17, 3, 4, 2)
(17, 17, 17, 3, 4, 2, 3)
(3, 3, 3, 2, 1, 2, 1)
(3, 3, 2, 1, 2, 1, 3)
(3, 2, 1, 2, 1, 3, 3)
(18, 17, 17, 17, 3, 3, 3)
(17, 17, 17, 3, 3, 3, 3)
(18, 17, 17, 17, 3, 3, 3)
(2, 1, 2, 1, 3, 3, 3)
(19, 18, 17, 17, 17, 3, 3)
(1, 2, 1, 3, 3, 3, 3)
(2, 1, 3, 3, 3, 3, 3)
(18, 17, 17, 17, 3, 3, 3)
(1, 3, 3, 3, 3, 3, 3)
(3, 3, 3, 3, 3, 3, 3)
(17, 17, 17, 3, 3, 3, 3)
(3, 3, 3, 3, 3, 3, 3)
(3, 3, 3, 3, 3, 3, 3)
(3, 3, 3, 3, 3, 3, 2)
(17, 17, 3, 4, 2, 3, 3)
(3, 3, 3, 3, 3, 2, 1)
(17, 3, 4, 2, 3, 3, 3)
(3, 3, 3, 3, 2, 1, 3)
(17, 17, 17, 3, 3, 3, 3)
(17, 17, 3, 3, 3, 3, 3)
(17, 17, 3, 3, 3, 3, 3)
(3, 3, 3, 2, 1, 3, 3)
(17, 3, 3, 3, 3, 3, 3)
(3, 3, 2, 1, 3, 3, 3)
(17, 17, 3, 3, 3, 3, 3)
(17, 3, 3, 3, 3, 3, 3)
(3, 2, 1, 3, 3, 3, 3)
(3, 4, 2, 3, 3, 3, 3)
(4, 2, 3, 3, 3, 3, 3)
(2, 1, 3, 3, 3, 3, 3)
(17, 3, 3, 3, 3, 3, 3)
(3, 3, 3, 3, 3, 3, 3)
(1, 3, 3, 3, 3, 3, 3)
(3, 3, 3, 3, 3, 3, 14)
(3, 3, 3, 3, 3, 14, 14)
(3, 3, 3, 3, 14, 14, 14)
(3, 3, 3, 14, 14, 14, 14)
(3, 3, 14, 14, 14, 14, 14)
(3, 14, 14, 14, 14, 14, 14)
(14, 14, 14, 14, 14, 14, 14)
(14, 14, 14, 14, 14, 14, 14)
(14, 14, 14, 14, 14, 14, 14)
(14, 14, 14, 14, 14, 14, 14)
(14, 14, 14, 14, 14, 14, 14)
(14, 14, 14, 14, 14, 14, 14)
(3, 3, 3, 3, 3, 3, 3)
(3, 3, 3, 3, 3, 3, 4)
(3, 3, 3, 3, 3, 4, 6)
(3, 3, 3, 3, 4, 6, 3)
(14, 14, 14, 14, 14, 14, 3)
(14, 14, 14, 14, 14, 3, 2)
(14, 14, 14, 14, 3, 2, 1)
(3, 3, 3, 3, 3, 3, 3)
(3, 3, 3, 3, 3, 3, 5)
(3, 3, 3, 3, 3, 5, 8)
(14, 14, 14, 3, 2, 1, 5)
(14, 14, 3, 2, 1, 5, 2)
(3, 3, 3, 3, 5, 8, 8)
(14, 3, 2, 1, 5, 2, 7)
(3, 3, 3, 5, 8, 8, 10)
(2, 3, 3, 3, 3, 3, 3)
(3, 3, 5, 8, 8, 10, 7)
(3, 3, 3, 3, 3, 3, 4)
(3, 5, 8, 8, 10, 7, 3)
(3, 3, 3, 3, 3, 4, 7)
(3, 3, 3, 3, 4, 7, 3)
(3, 2, 1, 5, 2, 7, 3)
(2, 1, 5, 2, 7, 3, 3)
(1, 5, 2, 7, 3, 3, 11)
(5, 2, 7, 3, 3, 11, 1)
(2, 7, 3, 3, 11, 1, 15)
(7, 3, 3, 11, 1, 15, 12)
(3, 3, 11, 1, 15, 12, 2)
(3, 3, 3, 4, 6, 3, 3)
(3, 3, 4, 6, 3, 3, 4)
(3, 4, 6, 3, 3, 4, 3)
(3, 11, 1, 15, 12, 2, 1)
(11, 1, 15, 12, 2, 1, 3)
(1, 15, 12, 2, 1, 3, 2)
(3, 3, 3, 4, 7, 3, 3)
(3, 3, 4, 7, 3, 3, 4)
(3, 4, 7, 3, 3, 4, 3)
(15, 12, 2, 1, 3, 2, 1)
(12, 2, 1, 3, 2, 1, 3)
(2, 1, 3, 2, 1, 3, 2)
(1, 3, 2, 1, 3, 2, 1)
(3, 3, 3, 3, 3, 3, 3)
(3, 3, 3, 3, 3, 3, 4)
(3, 3, 3, 3, 3, 4, 3)
(3, 2, 1, 3, 2, 1, 3)
(2, 1, 3, 2, 1, 3, 2)
(1, 3, 2, 1, 3, 2, 1)
(3, 2, 1, 3, 2, 1, 1)
(2, 1, 3, 2, 1, 1, 2)
(1, 3, 2, 1, 1, 2, 1)
(3, 3, 3, 3, 4, 3, 3)
(3, 3, 3, 4, 3, 3, 4)
(3, 3, 4, 3, 3, 4, 17)
(3, 4, 3, 3, 4, 17, 10)
(4, 3, 3, 4, 17, 10, 18)
(3, 3, 4, 17, 10, 18, 2)
(3, 4, 17, 10, 18, 2, 19)
(4, 17, 10, 18, 2, 19, 18)
(17, 10, 18, 2, 19, 18, 17)
(10, 18, 2, 19, 18, 17, 17)
(18, 2, 19, 18, 17, 17, 17)
(2, 19, 18, 17, 17, 17, 3)
(3, 2, 1, 1, 2, 1, 3)
(2, 1, 1, 2, 1, 3, 2)
(1, 1, 2, 1, 3, 2, 1)
(5, 8, 8, 10, 7, 3, 3)
(8, 8, 10, 7, 3, 3, 3)
(4, 7, 3, 3, 4, 3, 3)
(7, 3, 3, 4, 3, 3, 3)
(3, 3, 4, 3, 3, 3, 17)
(3, 4, 3, 3, 3, 17, 10)
(4, 3, 3, 3, 17, 10, 18)
(3, 3, 3, 17, 10, 18, 2)
(3, 3, 17, 10, 18, 2, 19)
(3, 17, 10, 18, 2, 19, 18)
(17, 10, 18, 2, 19, 18, 17)
(10, 18, 2, 19, 18, 17, 17)
(18, 2, 19, 18, 17, 17, 17)
(4, 6, 3, 3, 4, 3, 3)
(6, 3, 3, 4, 3, 3, 3)
(8, 10, 7, 3, 3, 3, 3)
(3, 3, 4, 3, 3, 3, 17)
(10, 7, 3, 3, 3, 3, 3)
(1, 2, 1, 3, 2, 1, 3)
(3, 4, 3, 3, 3, 17, 10)
(4, 3, 3, 3, 17, 10, 18)
(3, 3, 3, 17, 10, 18, 2)
(3, 3, 17, 10, 18, 2, 19)
(3, 17, 10, 18, 2, 19, 18)
(17, 10, 18, 2, 19, 18, 17)
(10, 18, 2, 19, 18, 17, 17)
(18, 2, 19, 18, 17, 17, 17)
(19, 18, 17, 17, 17, 3, 3)
(18, 17, 17, 17, 3, 3, 3)
(17, 17, 17, 3, 3, 3, 17)
(17, 17, 3, 3, 3, 17, 10)
(7, 3, 3, 3, 3, 3, 3)
(3, 3, 3, 3, 3, 3, 3)
(17, 3, 3, 3, 17, 10, 18)
(2, 19, 18, 17, 17, 17, 3)
(2, 19, 18, 17, 17, 17, 3)
(3, 3, 3, 17, 10, 18, 2)
(19, 18, 17, 17, 17, 3, 3)
(3, 3, 17, 10, 18, 2, 19)
(19, 18, 17, 17, 17, 3, 3)
(18, 17, 17, 17, 3, 3, 3)
(3, 17, 10, 18, 2, 19, 18)
(17, 10, 18, 2, 19, 18, 17)
(10, 18, 2, 19, 18, 17, 17)
(18, 2, 19, 18, 17, 17, 17)
(2, 19, 18, 17, 17, 17, 3)
(2, 1, 3, 2, 1, 3, 3)
(1, 3, 2, 1, 3, 3, 3)
(3, 3, 3, 3, 3, 3, 3)
(3, 3, 3, 3, 3, 3, 17)
(18, 17, 17, 17, 3, 3, 3)
(3, 3, 3, 3, 3, 17, 10)
(3, 3, 3, 3, 17, 10, 18)
(17, 17, 17, 3, 3, 3, 3)
(17, 17, 17, 3, 3, 3, 3)
(3, 3, 3, 17, 10, 18, 2)
(3, 3, 17, 10, 18, 2, 19)
(3, 17, 10, 18, 2, 19, 18)
(17, 10, 18, 2, 19, 18, 17)
(10, 18, 2, 19, 18, 17, 17)
(18, 2, 19, 18, 17, 17, 17)
(3, 2, 1, 3, 3, 3, 3)
(2, 1, 3, 3, 3, 3, 3)
(2, 19, 18, 17, 17, 17, 3)
(1, 3, 3, 3, 3, 3, 3)
(19, 18, 17, 17, 17, 3, 3)
(3, 3, 3, 3, 3, 3, 3)
(3, 3, 3, 3, 3, 3, 3)
(3, 3, 3, 3, 3, 3, 3)
(19, 18, 17, 17, 17, 3, 3)
(18, 17, 17, 17, 3, 3, 4)
(17, 17, 17, 3, 3, 4, 17)
(17, 17, 3, 3, 4, 17, 10)
(17, 3, 3, 4, 17, 10, 18)
(3, 3, 4, 17, 10, 18, 2)
(3, 4, 17, 10, 18, 2, 19)
(4, 17, 10, 18, 2, 19, 18)
(17, 10, 18, 2, 19, 18, 17)
(10, 18, 2, 19, 18, 17, 17)
(18, 2, 19, 18, 17, 17, 17)
(2, 19, 18, 17, 17, 17, 3)
(3, 3, 3, 3, 3, 3, 3)
(3, 3, 3, 3, 3, 3, 2)
(3, 3, 3, 3, 3, 2, 1)
(17, 17, 3, 3, 3, 3, 3)
(17, 3, 3, 3, 3, 3, 3)
(3, 3, 3, 3, 2, 1, 3)
(18, 17, 17, 17, 3, 3, 3)
(17, 17, 17, 3, 3, 3, 3)
(3, 3, 3, 2, 1, 3, 3)
(17, 17, 3, 3, 3, 3, 3)
(17, 3, 3, 3, 3, 3, 3)
(3, 3, 2, 1, 3, 3, 3)
(19, 18, 17, 17, 17, 3, 3)
(18, 17, 17, 17, 3, 3, 3)
(3, 2, 1, 3, 3, 3, 3)
(3, 3, 3, 3, 3, 3, 3)
(3, 3, 3, 3, 3, 3, 5)
(3, 3, 3, 3, 3, 5, 3)
(2, 1, 3, 3, 3, 3, 3)
(17, 17, 3, 3, 3, 3, 3)
(17, 3, 3, 3, 3, 3, 3)
(3, 3, 3, 3, 3, 3, 3)
(3, 3, 3, 3, 3, 3, 4)
(3, 3, 3, 3, 3, 4, 3)
(3, 3, 3, 3, 4, 3, 17)
(3, 3, 3, 4, 3, 17, 10)
(3, 3, 4, 3, 17, 10, 18)
(1, 3, 3, 3, 3, 3, 2)
(3, 4, 3, 17, 10, 18, 2)
(4, 3, 17, 10, 18, 2, 19)
(3, 3, 3, 3, 3, 2, 1)
(3, 17, 10, 18, 2, 19, 18)
(17, 10, 18, 2, 19, 18, 17)
(10, 18, 2, 19, 18, 17, 17)
(18, 2, 19, 18, 17, 17, 17)
(17, 17, 17, 3, 3, 3, 3)
(17, 17, 3, 3, 3, 3, 3)
(17, 3, 3, 3, 3, 3, 17)
(3, 3, 3, 3, 3, 17, 10)
(3, 3, 3, 3, 17, 10, 18)
(3, 3, 3, 17, 10, 18, 2)
(3, 3, 17, 10, 18, 2, 19)
(3, 3, 3, 3, 3, 3, 3)
(3, 17, 10, 18, 2, 19, 18)
(3, 3, 3, 3, 3, 3, 3)
(17, 10, 18, 2, 19, 18, 17)
(10, 18, 2, 19, 18, 17, 17)
(18, 2, 19, 18, 17, 17, 17)
(3, 3, 3, 3, 2, 1, 3)
(3, 3, 3, 3, 5, 3, 3)
(3, 3, 3, 5, 3, 3, 3)
(3, 3, 5, 3, 3, 3, 17)
(3, 5, 3, 3, 3, 17, 10)
(5, 3, 3, 3, 17, 10, 18)
(3, 3, 3, 17, 10, 18, 2)
(3, 3, 17, 10, 18, 2, 19)
(3, 17, 10, 18, 2, 19, 18)
(17, 10, 18, 2, 19, 18, 17)
(10, 18, 2, 19, 18, 17, 17)
(18, 2, 19, 18, 17, 17, 17)
(3, 3, 3, 3, 3, 3, 3)
(3, 3, 3, 3, 3, 3, 2)
(3, 3, 3, 3, 3, 2, 3)
(3, 3, 3, 3, 2, 3, 17)
(2, 19, 18, 17, 17, 17, 3)
(3, 3, 3, 2, 3, 17, 10)
(3, 3, 2, 3, 17, 10, 18)
(3, 2, 3, 17, 10, 18, 2)
(2, 3, 17, 10, 18, 2, 19)
(3, 17, 10, 18, 2, 19, 18)
(17, 10, 18, 2, 19, 18, 17)
(10, 18, 2, 19, 18, 17, 17)
(18, 2, 19, 18, 17, 17, 17)
(2, 19, 18, 17, 17, 17, 4)
(19, 18, 17, 17, 17, 4, 3)
(18, 17, 17, 17, 4, 3, 17)
(3, 3, 3, 2, 1, 3, 2)
(2, 19, 18, 17, 17, 17, 3)
(17, 17, 17, 4, 3, 17, 10)
(17, 17, 4, 3, 17, 10, 18)
(17, 4, 3, 17, 10, 18, 2)
(4, 3, 17, 10, 18, 2, 19)
(3, 17, 10, 18, 2, 19, 18)
(17, 10, 18, 2, 19, 18, 17)
(10, 18, 2, 19, 18, 17, 17)
(18, 2, 19, 18, 17, 17, 17)
(2, 19, 18, 17, 17, 17, 4)
(19, 18, 17, 17, 17, 4, 3)
(18, 17, 17, 17, 4, 3, 17)
(3, 3, 2, 1, 3, 2, 1)
(2, 19, 18, 17, 17, 17, 3)
(19, 18, 17, 17, 17, 3, 3)
(17, 17, 17, 4, 3, 17, 10)
(19, 18, 17, 17, 17, 3, 3)
(18, 17, 17, 17, 3, 3, 3)
(17, 17, 4, 3, 17, 10, 18)
(17, 4, 3, 17, 10, 18, 2)
(4, 3, 17, 10, 18, 2, 19)
(3, 2, 1, 3, 2, 1, 2)
(3, 17, 10, 18, 2, 19, 18)
(17, 10, 18, 2, 19, 18, 17)
(2, 1, 3, 2, 1, 2, 1)
(19, 18, 17, 17, 17, 3, 3)
(10, 18, 2, 19, 18, 17, 17)
(18, 17, 17, 17, 3, 3, 3)
(18, 2, 19, 18, 17, 17, 17)
(2, 19, 18, 17, 17, 17, 3)
(1, 3, 2, 1, 2, 1, 3)
(3, 2, 1, 2, 1, 3, 3)
(17, 17, 17, 3, 3, 3, 3)
(17, 17, 17, 3, 3, 3, 3)
(17, 17, 3, 3, 3, 3, 3)
(17, 17, 3, 3, 3, 3, 4)
(2, 1, 2, 1, 3, 3, 3)
(18, 17, 17, 17, 3, 3, 3)
(1, 2, 1, 3, 3, 3, 3)
(2, 1, 3, 3, 3, 3, 3)
(1, 3, 3, 3, 3, 3, 3)
(17, 3, 3, 3, 3, 4, 2)
(3, 3, 3, 3, 4, 2, 3)
(3, 3, 3, 3, 3, 3, 3)
(3, 3, 3, 3, 3, 3, 2)
(3, 3, 3, 3, 3, 2, 1)
(19, 18, 17, 17, 17, 3, 3)
(18, 17, 17, 17, 3, 3, 3)
(3, 3, 3, 3, 2, 1, 3)
(17, 17, 17, 3, 3, 3, 3)
(17, 17, 3, 3, 3, 3, 3)
(3, 3, 3, 2, 1, 3, 3)
(17, 3, 3, 3, 3, 3, 3)
(3, 3, 3, 3, 3, 3, 3)
(3, 3, 2, 1, 3, 3, 3)
(3, 3, 3, 4, 2, 3, 3)
(3, 3, 4, 2, 3, 3, 3)
(3, 2, 1, 3, 3, 3, 3)
(17, 17, 17, 3, 3, 3, 3)
(17, 17, 3, 3, 3, 3, 3)
(2, 1, 3, 3, 3, 3, 3)
(17, 3, 3, 3, 3, 3, 3)
(3, 3, 3, 3, 3, 3, 3)
(1, 3, 3, 3, 3, 3, 3)
(3, 3, 3, 3, 3, 3, 14)
(3, 3, 3, 3, 3, 14, 14)
(3, 3, 3, 3, 14, 14, 14)
(3, 3, 3, 14, 14, 14, 14)
(3, 3, 14, 14, 14, 14, 14)
(3, 14, 14, 14, 14, 14, 14)
(14, 14, 14, 14, 14, 14, 14)
(14, 14, 14, 14, 14, 14, 14)
(14, 14, 14, 14, 14, 14, 14)
(14, 14, 14, 14, 14, 14, 14)
(14, 14, 14, 14, 14, 14, 14)
(14, 14, 14, 14, 14, 14, 14)
(3, 3, 3, 3, 3, 3, 3)
(3, 3, 3, 3, 3, 3, 4)
(3, 3, 3, 3, 3, 4, 6)
(3, 3, 3, 3, 4, 6, 3)
(14, 14, 14, 14, 14, 14, 3)
(14, 14, 14, 14, 14, 3, 2)
(14, 14, 14, 14, 3, 2, 1)
(14, 14, 14, 3, 2, 1, 5)
(14, 14, 3, 2, 1, 5, 2)
(14, 3, 2, 1, 5, 2, 7)
(3, 4, 2, 3, 3, 3, 3)
(4, 2, 3, 3, 3, 3, 5)
(2, 3, 3, 3, 3, 5, 8)
(3, 3, 3, 3, 5, 8, 8)
(17, 3, 3, 3, 3, 3, 3)
(3, 3, 3, 3, 3, 3, 4)
(3, 3, 3, 5, 8, 8, 10)
(3, 3, 5, 8, 8, 10, 7)
(3, 3, 3, 3, 3, 4, 7)
(3, 5, 8, 8, 10, 7, 3)
(3, 3, 3, 3, 4, 7, 3)
(3, 2, 1, 5, 2, 7, 3)
(3, 3, 3, 4, 7, 3, 3)
(2, 1, 5, 2, 7, 3, 3)
(3, 3, 4, 7, 3, 3, 3)
(1, 5, 2, 7, 3, 3, 3)
(5, 2, 7, 3, 3, 3, 3)
(2, 7, 3, 3, 3, 3, 11)
(7, 3, 3, 3, 3, 11, 14)
(3, 3, 3, 3, 11, 14, 14)
(3, 3, 3, 11, 14, 14, 14)
(3, 3, 11, 14, 14, 14, 14)
(3, 11, 14, 14, 14, 14, 14)
(11, 14, 14, 14, 14, 14, 14)
(14, 14, 14, 14, 14, 14, 14)
(14, 14, 14, 14, 14, 14, 14)
(14, 14, 14, 14, 14, 14, 14)
(14, 14, 14, 14, 14, 14, 14)
(14, 14, 14, 14, 14, 14, 14)
(14, 14, 14, 14, 14, 14, 14)
(14, 14, 14, 14, 14, 14, 14)
(14, 14, 14, 14, 14, 14, 14)
(14, 14, 14, 14, 14, 14, 14)
(14, 14, 14, 14, 14, 14, 14)
(14, 14, 14, 14, 14, 14, 14)
(14, 14, 14, 14, 14, 14, 14)
(14, 14, 14, 14, 14, 14, 14)
(14, 14, 14, 14, 14, 14, 14)
(14, 14, 14, 14, 14, 14, 14)
(14, 14, 14, 14, 14, 14, 14)
(14, 14, 14, 14, 14, 14, 14)
(3, 3, 3, 3, 3, 3, 3)
(3, 3, 3, 3, 3, 3, 3)
(14, 14, 14, 14, 14, 14, 3)
(3, 3, 3, 3, 3, 3, 3)
(3, 3, 3, 3, 3, 3, 3)
(3, 3, 3, 3, 3, 3, 3)
(14, 14, 14, 14, 14, 3, 3)
(9, 27, 9, 27, 9, 3, 3)
(27, 9, 27, 9, 3, 3, 3)
(9, 27, 9, 3, 3, 3, 3)
(14, 14, 14, 14, 3, 3, 3)
(14, 14, 14, 3, 3, 3, 3)
(27, 9, 3, 3, 3, 3, 3)
(3, 3, 3, 3, 3, 3, 3)
(3, 3, 3, 3, 3, 3, 3)
(9, 3, 3, 3, 3, 3, 3)
(14, 14, 3, 3, 3, 3, 3)
(3, 3, 3, 3, 3, 3, 3)
(14, 3, 3, 3, 3, 3, 3)
(3, 3, 3, 3, 3, 3, 3)
(3, 3, 3, 3, 3, 3, 14)
(3, 3, 3, 3, 3, 14, 14)
(3, 3, 3, 3, 14, 14, 14)
(3, 3, 3, 14, 14, 14, 14)
(3, 3, 14, 14, 14, 14, 14)
(3, 14, 14, 14, 14, 14, 14)
(14, 14, 14, 14, 14, 14, 14)
(14, 14, 14, 14, 14, 14, 14)
(3, 4, 7, 3, 3, 3, 3)
(4, 7, 3, 3, 3, 3, 4)
(7, 3, 3, 3, 3, 4, 6)
(3, 3, 3, 3, 4, 6, 3)
(14, 14, 14, 14, 14, 14, 3)
(14, 14, 14, 14, 14, 3, 2)
(14, 14, 14, 14, 3, 2, 1)
(5, 8, 8, 10, 7, 3, 3)
(8, 8, 10, 7, 3, 3, 4)
(8, 10, 7, 3, 3, 4, 6)
(10, 7, 3, 3, 4, 6, 3)
(14, 14, 14, 3, 2, 1, 3)
(14, 14, 3, 2, 1, 3, 2)
(14, 3, 2, 1, 3, 2, 1)
(3, 2, 1, 3, 2, 1, 1)
(2, 1, 3, 2, 1, 1, 1)
(1, 3, 2, 1, 1, 1, 2)
(3, 2, 1, 1, 1, 2, 1)
(3, 3, 3, 4, 6, 3, 3)
(3, 3, 4, 6, 3, 3, 4)
(3, 4, 6, 3, 3, 4, 17)
(4, 6, 3, 3, 4, 17, 10)
(6, 3, 3, 4, 17, 10, 18)
(3, 3, 4, 17, 10, 18, 2)
(3, 4, 17, 10, 18, 2, 19)
(4, 17, 10, 18, 2, 19, 18)
(17, 10, 18, 2, 19, 18, 17)
(10, 18, 2, 19, 18, 17, 17)
(18, 2, 19, 18, 17, 17, 17)
(2, 19, 18, 17, 17, 17, 3)
(2, 1, 1, 1, 2, 1, 3)
(1, 1, 1, 2, 1, 3, 2)
(1, 1, 2, 1, 3, 2, 1)
(3, 3, 3, 3, 3, 3, 3)
(3, 3, 3, 3, 3, 3, 4)
(3, 3, 3, 3, 3, 4, 3)
(1, 2, 1, 3, 2, 1, 3)
(2, 1, 3, 2, 1, 3, 2)
(1, 3, 2, 1, 3, 2, 1)
(3, 3, 3, 4, 6, 3, 3)
(3, 3, 4, 6, 3, 3, 4)
(3, 4, 6, 3, 3, 4, 17)
(4, 6, 3, 3, 4, 17, 10)
(6, 3, 3, 4, 17, 10, 18)
(3, 3, 4, 17, 10, 18, 2)
(3, 4, 17, 10, 18, 2, 19)
(4, 17, 10, 18, 2, 19, 18)
(17, 10, 18, 2, 19, 18, 17)
(10, 18, 2, 19, 18, 17, 17)
(18, 2, 19, 18, 17, 17, 17)
(2, 19, 18, 17, 17, 17, 3)
(3, 2, 1, 3, 2, 1, 3)
(2, 1, 3, 2, 1, 3, 2)
(1, 3, 2, 1, 3, 2, 1)
(3, 2, 1, 3, 2, 1, 15)
(7, 3, 3, 4, 6, 3, 3)
(3, 3, 4, 6, 3, 3, 3)
(2, 1, 3, 2, 1, 15, 3)
(19, 18, 17, 17, 17, 3, 3)
(18, 17, 17, 17, 3, 3, 3)
(17, 17, 17, 3, 3, 3, 17)
(17, 17, 3, 3, 3, 17, 10)
(17, 3, 3, 3, 17, 10, 18)
(3, 3, 3, 17, 10, 18, 2)
(3, 3, 17, 10, 18, 2, 19)
(3, 17, 10, 18, 2, 19, 18)
(17, 10, 18, 2, 19, 18, 17)
(10, 18, 2, 19, 18, 17, 17)
(18, 2, 19, 18, 17, 17, 17)
(3, 3, 3, 3, 4, 3, 3)
(3, 3, 3, 4, 3, 3, 3)
(3, 3, 4, 3, 3, 3, 17)
(3, 4, 3, 3, 3, 17, 10)
(4, 3, 3, 3, 17, 10, 18)
(3, 3, 3, 17, 10, 18, 2)
(3, 3, 17, 10, 18, 2, 19)
(3, 17, 10, 18, 2, 19, 18)
(17, 10, 18, 2, 19, 18, 17)
(10, 18, 2, 19, 18, 17, 17)
(18, 2, 19, 18, 17, 17, 17)
(2, 19, 18, 17, 17, 17, 3)
(19, 18, 17, 17, 17, 3, 3)
(2, 19, 18, 17, 17, 17, 3)
(1, 3, 2, 1, 15, 3, 3)
(18, 17, 17, 17, 3, 3, 3)
(19, 18, 17, 17, 17, 3, 3)
(3, 2, 1, 15, 3, 3, 3)
(18, 17, 17, 17, 3, 3, 3)
(2, 1, 15, 3, 3, 3, 3)
(1, 15, 3, 3, 3, 3, 3)
(19, 18, 17, 17, 17, 3, 3)
(18, 17, 17, 17, 3, 3, 4)
(17, 17, 17, 3, 3, 4, 4)
(17, 17, 3, 3, 4, 4, 3)
(15, 3, 3, 3, 3, 3, 3)
(3, 3, 3, 3, 3, 3, 4)
(3, 3, 3, 3, 3, 4, 12)
(3, 3, 3, 3, 4, 12, 2)
(3, 3, 3, 4, 12, 2, 1)
(3, 3, 4, 12, 2, 1, 15)
(3, 4, 6, 3, 3, 3, 3)
(4, 6, 3, 3, 3, 3, 3)
(3, 4, 12, 2, 1, 15, 3)
(17, 17, 17, 3, 3, 3, 3)
(17, 17, 3, 3, 3, 3, 3)
(4, 12, 2, 1, 15, 3, 3)
(12, 2, 1, 15, 3, 3, 2)
(2, 1, 15, 3, 3, 2, 5)
(1, 15, 3, 3, 2, 5, 2)
(15, 3, 3, 2, 5, 2, 6)
(3, 3, 2, 5, 2, 6, 7)
(3, 2, 5, 2, 6, 7, 6)
(2, 5, 2, 6, 7, 6, 5)
(5, 2, 6, 7, 6, 5, 2)
(2, 6, 7, 6, 5, 2, 6)
(6, 7, 6, 5, 2, 6, 7)
(7, 6, 5, 2, 6, 7, 6)
(6, 5, 2, 6, 7, 6, 14)
(9, 27, 9, 27, 9, 3, 3)
(27, 9, 27, 9, 3, 3, 3)
(5, 2, 6, 7, 6, 14, 3)
(3, 3, 3, 3, 3, 3, 3)
(3, 3, 3, 3, 3, 3, 3)
(3, 3, 3, 3, 3, 3, 3)
(2, 6, 7, 6, 14, 3, 3)
(6, 7, 6, 14, 3, 3, 3)
(3, 3, 3, 3, 3, 3, 3)
(3, 3, 3, 3, 3, 3, 3)
(7, 6, 14, 3, 3, 3, 3)
(3, 3, 3, 3, 3, 3, 3)
(3, 3, 3, 3, 3, 3, 3)
(3, 3, 3, 3, 3, 3, 3)
(6, 14, 3, 3, 3, 3, 3)
(14, 3, 3, 3, 3, 3, 3)
(3, 3, 3, 3, 3, 3, 5)
(3, 3, 3, 3, 3, 5, 2)
(3, 3, 3, 3, 5, 2, 6)
(3, 3, 3, 5, 2, 6, 7)
(3, 3, 5, 2, 6, 7, 6)
(3, 5, 2, 6, 7, 6, 5)
(5, 2, 6, 7, 6, 5, 2)
(2, 6, 7, 6, 5, 2, 6)
(6, 7, 6, 5, 2, 6, 7)
(7, 6, 5, 2, 6, 7, 6)
(6, 5, 2, 6, 7, 6, 5)
(5, 2, 6, 7, 6, 5, 2)
(2, 6, 7, 6, 5, 2, 6)
(6, 7, 6, 5, 2, 6, 7)
(7, 6, 5, 2, 6, 7, 6)
(6, 5, 2, 6, 7, 6, 5)
(5, 2, 6, 7, 6, 5, 2)
(2, 6, 7, 6, 5, 2, 6)
(6, 7, 6, 5, 2, 6, 7)
(7, 6, 5, 2, 6, 7, 6)
(6, 5, 2, 6, 7, 6, 2)
(5, 2, 6, 7, 6, 2, 5)
(2, 6, 7, 6, 2, 5, 2)
(6, 7, 6, 2, 5, 2, 6)
(7, 6, 2, 5, 2, 6, 7)
(6, 2, 5, 2, 6, 7, 6)
(2, 5, 2, 6, 7, 6, 5)
(5, 2, 6, 7, 6, 5, 2)
(2, 6, 7, 6, 5, 2, 6)
(6, 7, 6, 5, 2, 6, 7)
(7, 6, 5, 2, 6, 7, 6)
(6, 5, 2, 6, 7, 6, 5)
(5, 2, 6, 7, 6, 5, 2)
(2, 6, 7, 6, 5, 2, 6)
