(19, 18, 17, 17, 17, 3, 17)
(18, 17, 17, 17, 3, 17, 10)
(17, 17, 17, 3, 17, 10, 18)
(17, 17, 3, 17, 10, 18, 2)
(17, 3, 17, 10, 18, 2, 19)
(3, 17, 10, 18, 2, 19, 18)
(17, 10, 18, 2, 19, 18, 17)
(10, 18, 2, 19, 18, 17, 17)
(17, 17, 3, 3, 3, 3, 3)
(18, 2, 19, 18, 17, 17, 17)
(2, 19, 18, 17, 17, 17, 3)
(19, 18, 17, 17, 17, 3, 17)
(18, 17, 17, 17, 3, 17, 10)
(17, 17, 17, 3, 17, 10, 18)
(17, 17, 3, 17, 10, 18, 2)
(17, 3, 17, 10, 18, 2, 19)
(3, 17, 10, 18, 2, 19, 18)
(17, 10, 18, 2, 19, 18, 17)
(17, 17, 3, 3, 3, 3, 3)
(10, 18, 2, 19, 18, 17, 17)
(18, 2, 19, 18, 17, 17, 17)
(2, 19, 18, 17, 17, 17, 3)
(19, 18, 17, 17, 17, 3, 17)
(18, 17, 17, 17, 3, 17, 10)
(17, 17, 17, 3, 17, 10, 18)
(17, 17, 3, 17, 10, 18, 2)
(17, 3, 17, 10, 18, 2, 19)
(3, 17, 10, 18, 2, 19, 18)
(17, 10, 18, 2, 19, 18, 17)
(10, 18, 2, 19, 18, 17, 17)
(17, 17, 3, 3, 3, 3, 3)
(18, 2, 19, 18, 17, 17, 17)
(2, 19, 18, 17, 17, 17, 3)
(19, 18, 17, 17, 17, 3, 17)
(18, 17, 17, 17, 3, 17, 10)
(17, 17, 17, 3, 17, 10, 18)
(17, 17, 3, 17, 10, 18, 2)
(17, 3, 17, 10, 18, 2, 19)
(3, 17, 10, 18, 2, 19, 18)
(17, 10, 18, 2, 19, 18, 17)
(3, 3, 3, 3, 3, 3, 3)
(10, 18, 2, 19, 18, 17, 17)
(18, 2, 19, 18, 17, 17, 17)
(2, 19, 18, 17, 17, 17, 3)
(19, 18, 17, 17, 17, 3, 17)
(18, 17, 17, 17, 3, 17, 10)
(17, 17, 17, 3, 17, 10, 18)
(17, 17, 3, 17, 10, 18, 2)
(17, 3, 17, 10, 18, 2, 19)
(3, 17, 10, 18, 2, 19, 18)
(17, 10, 18, 2, 19, 18, 17)
(10, 18, 2, 19, 18, 17, 17)
(17, 3, 3, 3, 3, 3, 3)
(18, 2, 19, 18, 17, 17, 17)
(2, 19, 18, 17, 17, 17, 3)
(19, 18, 17, 17, 17, 3, 17)
(18, 17, 17, 17, 3, 17, 10)
(17, 17, 17, 3, 17, 10, 18)
(17, 17, 3, 17, 10, 18, 2)
(17, 3, 17, 10, 18, 2, 19)
(3, 17, 10, 18, 2, 19, 18)
(17, 10, 18, 2, 19, 18, 17)
(17, 3, 3, 3, 3, 3, 3)
(10, 18, 2, 19, 18, 17, 17)
(18, 2, 19, 18, 17, 17, 17)
(2, 19, 18, 17, 17, 17, 3)
(19, 18, 17, 17, 17, 3, 17)
(18, 17, 17, 17, 3, 17, 10)
(17, 17, 17, 3, 17, 10, 18)
(17, 17, 3, 17, 10, 18, 2)
(17, 3, 17, 10, 18, 2, 19)
(3, 17, 10, 18, 2, 19, 18)
(17, 10, 18, 2, 19, 18, 17)
(10, 18, 2, 19, 18, 17, 17)
(17, 3, 3, 3, 3, 3, 3)
(18, 2, 19, 18, 17, 17, 17)
(2, 19, 18, 17, 17, 17, 3)
(19, 18, 17, 17, 17, 3, 17)
(18, 17, 17, 17, 3, 17, 10)
(17, 17, 17, 3, 17, 10, 18)
(17, 17, 3, 17, 10, 18, 2)
(17, 3, 17, 10, 18, 2, 19)
(3, 17, 10, 18, 2, 19, 18)
(3, 3, 3, 3, 3, 3, 3)
(17, 10, 18, 2, 19, 18, 17)
(10, 18, 2, 19, 18, 17, 17)
(18, 2, 19, 18, 17, 17, 17)
(2, 19, 18, 17, 17, 17, 3)
(19, 18, 17, 17, 17, 3, 17)
(18, 17, 17, 17, 3, 17, 10)
(17, 17, 17, 3, 17, 10, 18)
(17, 17, 3, 17, 10, 18, 2)
(17, 3, 17, 10, 18, 2, 19)
(3, 17, 10, 18, 2, 19, 18)
(17, 10, 18, 2, 19, 18, 17)
(10, 18, 2, 19, 18, 17, 17)
(3, 3, 3, 3, 3, 3, 3)
(18, 2, 19, 18, 17, 17, 17)
(2, 19, 18, 17, 17, 17, 3)
(19, 18, 17, 17, 17, 3, 17)
(18, 17, 17, 17, 3, 17, 10)
(17, 17, 17, 3, 17, 10, 18)
(17, 17, 3, 17, 10, 18, 2)
(17, 3, 17, 10, 18, 2, 19)
(3, 17, 10, 18, 2, 19, 18)
(3, 3, 3, 3, 3, 3, 3)
(17, 10, 18, 2, 19, 18, 17)
(10, 18, 2, 19, 18, 17, 17)
(18, 2, 19, 18, 17, 17, 17)
(2, 19, 18, 17, 17, 17, 3)
(19, 18, 17, 17, 17, 3, 17)
(18, 17, 17, 17, 3, 17, 10)
(17, 17, 17, 3, 17, 10, 18)
(17, 17, 3, 17, 10, 18, 2)
(17, 3, 17, 10, 18, 2, 19)
(3, 17, 10, 18, 2, 19, 18)
(17, 10, 18, 2, 19, 18, 17)
(10, 18, 2, 19, 18, 17, 17)
(3, 3, 3, 3, 3, 3, 3)
(18, 2, 19, 18, 17, 17, 17)
(2, 19, 18, 17, 17, 17, 3)
(19, 18, 17, 17, 17, 3, 17)
(18, 17, 17, 17, 3, 17, 10)
(17, 17, 17, 3, 17, 10, 18)
(17, 17, 3, 17, 10, 18, 2)
(17, 3, 17, 10, 18, 2, 19)
(3, 17, 10, 18, 2, 19, 18)
(3, 3, 3, 3, 3, 3, 3)
(3, 3, 3, 3, 3, 3, 3)
(17, 10, 18, 2, 19, 18, 17)
(10, 18, 2, 19, 18, 17, 17)
(18, 2, 19, 18, 17, 17, 17)
(2, 19, 18, 17, 17, 17, 3)
(19, 18, 17, 17, 17, 3, 17)
(18, 17, 17, 17, 3, 17, 10)
(17, 17, 17, 3, 17, 10, 18)
(17, 17, 3, 17, 10, 18, 2)
(17, 3, 17, 10, 18, 2, 19)
(3, 17, 10, 18, 2, 19, 18)
(17, 10, 18, 2, 19, 18, 17)
(3, 3, 3, 3, 3, 3, 3)
(10, 18, 2, 19, 18, 17, 17)
(18, 2, 19, 18, 17, 17, 17)
(2, 19, 18, 17, 17, 17, 4)
(19, 18, 17, 17, 17, 4, 3)
(18, 17, 17, 17, 4, 3, 17)
(3, 3, 3, 3, 3, 3, 3)
(17, 17, 17, 4, 3, 17, 10)
(17, 17, 4, 3, 17, 10, 18)
(17, 4, 3, 17, 10, 18, 2)
(4, 3, 17, 10, 18, 2, 19)
(3, 17, 10, 18, 2, 19, 18)
(3, 3, 3, 3, 3, 3, 2)
(17, 10, 18, 2, 19, 18, 17)
(10, 18, 2, 19, 18, 17, 17)
(18, 2, 19, 18, 17, 17, 17)
(2, 19, 18, 17, 17, 17, 4)
(19, 18, 17, 17, 17, 4, 3)
(18, 17, 17, 17, 4, 3, 17)
(3, 3, 3, 3, 3, 2, 1)
(17, 17, 17, 4, 3, 17, 10)
(17, 17, 4, 3, 17, 10, 18)
(17, 4, 3, 17, 10, 18, 2)
(4, 3, 17, 10, 18, 2, 19)
(3, 3, 3, 3, 3, 3, 3)
(3, 3, 3, 3, 3, 3, 3)
(3, 17, 10, 18, 2, 19, 18)
(17, 10, 18, 2, 19, 18, 17)
(3, 3, 3, 3, 3, 3, 3)
(3, 3, 3, 3, 3, 3, 3)
(10, 18, 2, 19, 18, 17, 17)
(3, 3, 3, 3, 3, 3, 3)
(3, 3, 3, 3, 3, 3, 3)
(3, 3, 3, 3, 3, 3, 3)
(18, 2, 19, 18, 17, 17, 17)
(2, 19, 18, 17, 17, 17, 3)
(3, 3, 3, 3, 2, 1, 3)
(19, 18, 17, 17, 17, 3, 3)
(3, 3, 3, 2, 1, 3, 3)
(3, 3, 2, 1, 3, 3, 3)
(18, 17, 17, 17, 3, 3, 3)
(3, 2, 1, 3, 3, 3, 3)
(2, 1, 3, 3, 3, 3, 3)
(17, 17, 17, 3, 3, 3, 3)
(1, 3, 3, 3, 3, 3, 3)
(17, 17, 3, 3, 3, 3, 3)
(3, 3, 3, 3, 3, 3, 3)
(3, 3, 3, 3, 3, 3, 3)
(3, 3, 3, 3, 3, 3, 2)
(3, 3, 3, 3, 3, 2, 1)
(3, 3, 3, 3, 3, 3, 3)
(3, 3, 3, 3, 3, 3, 3)
(3, 3, 3, 3, 2, 1, 3)
(3, 3, 3, 3, 3, 3, 3)
(3, 3, 3, 3, 3, 3, 3)
(3, 3, 3, 2, 1, 3, 3)
(3, 3, 3, 3, 3, 3, 3)
(3, 3, 3, 3, 3, 3, 3)
(3, 3, 2, 1, 3, 3, 3)
(17, 3, 3, 3, 3, 3, 3)
(3, 3, 3, 3, 3, 3, 3)
(3, 2, 1, 3, 3, 3, 3)
(3, 3, 3, 3, 3, 3, 3)
(3, 3, 3, 3, 3, 3, 3)
(2, 1, 3, 3, 3, 3, 3)
(3, 3, 3, 3, 3, 3, 3)
(3, 3, 3, 3, 3, 3, 3)
(1, 3, 3, 3, 3, 3, 3)
(3, 3, 3, 3, 3, 3, 3)
(3, 3, 3, 3, 3, 3, 3)
(3, 3, 3, 3, 3, 3, 3)
(3, 3, 3, 3, 3, 3, 3)
(3, 3, 3, 3, 3, 3, 3)
(3, 3, 3, 3, 3, 3, 3)
(3, 3, 3, 3, 3, 3, 3)
(3, 3, 3, 3, 3, 3, 3)
(3, 3, 3, 3, 3, 3, 3)
(3, 3, 3, 3, 3, 3, 3)
(3, 3, 3, 3, 3, 3, 3)
(3, 3, 3, 3, 3, 3, 3)
(3, 3, 3, 3, 3, 3, 3)
(3, 3, 3, 3, 3, 3, 3)
(3, 3, 3, 3, 3, 3, 3)
(3, 3, 3, 3, 3, 3, 3)
(3, 3, 3, 3, 3, 3, 3)
(3, 3, 3, 3, 3, 3, 3)
(3, 3, 3, 3, 3, 3, 3)
(3, 3, 3, 3, 3, 3, 3)
(3, 3, 3, 3, 3, 3, 3)
(3, 3, 3, 3, 3, 3, 3)
(3, 3, 3, 3, 3, 3, 3)
(3, 3, 3, 3, 3, 3, 3)
(3, 3, 3, 3, 3, 3, 3)
(3, 3, 3, 3, 3, 3, 3)
(3, 3, 3, 3, 3, 3, 3)
(3, 3, 3, 3, 3, 3, 3)
(3, 3, 3, 3, 3, 3, 3)
(3, 3, 3, 3, 3, 3, 3)
(3, 3, 3, 3, 3, 3, 3)
(3, 3, 3, 3, 3, 3, 3)
(3, 3, 3, 3, 3, 3, 3)
(3, 3, 3, 3, 3, 3, 3)
(3, 3, 3, 3, 3, 3, 3)
(3, 3, 3, 3, 3, 3, 3)
(3, 3, 3, 3, 3, 3, 3)
(3, 3, 3, 3, 3, 3, 3)
(3, 3, 3, 3, 3, 3, 3)
(3, 3, 3, 3, 3, 3, 3)
(3, 3, 3, 3, 3, 3, 3)
(3, 3, 3, 3, 3, 3, 3)
(3, 3, 3, 3, 3, 3, 14)
(3, 3, 3, 3, 3, 14, 14)
(3, 3, 3, 3, 14, 14, 14)
(3, 3, 3, 14, 14, 14, 14)
(3, 3, 14, 14, 14, 14, 14)
(3, 14, 14, 14, 14, 14, 14)
(14, 14, 14, 14, 14, 14, 14)
(14, 14, 14, 14, 14, 14, 14)
(14, 14, 14, 14, 14, 14, 14)
(14, 14, 14, 14, 14, 14, 14)
(14, 14, 14, 14, 14, 14, 14)
(14, 14, 14, 14, 14, 14, 14)
(14, 14, 14, 14, 14, 14, 14)
(14, 14, 14, 14, 14, 14, 14)
(14, 14, 14, 14, 14, 14, 14)
(14, 14, 14, 14, 14, 14, 14)
(14, 14, 14, 14, 14, 14, 14)
(14, 14, 14, 14, 14, 14, 14)
(14, 14, 14, 14, 14, 14, 14)
(14, 14, 14, 14, 14, 14, 14)
(14, 14, 14, 14, 14, 14, 14)
(14, 14, 14, 14, 14, 14, 14)
(14, 14, 14, 14, 14, 14, 14)
(14, 14, 14, 14, 14, 14, 14)
(14, 14, 14, 14, 14, 14, 14)
(14, 14, 14, 14, 14, 14, 14)
(14, 14, 14, 14, 14, 14, 14)
(14, 14, 14, 14, 14, 14, 14)
(14, 14, 14, 14, 14, 14, 14)
(14, 14, 14, 14, 14, 14, 14)
(14, 14, 14, 14, 14, 14, 14)
(14, 14, 14, 14, 14, 14, 14)
(14, 14, 14, 14, 14, 14, 14)
(14, 14, 14, 14, 14, 14, 14)
(3, 3, 3, 3, 3, 3, 3)
(3, 3, 3, 3, 3, 3, 3)
(14, 14, 14, 14, 14, 14, 3)
(3, 3, 3, 3, 3, 3, 3)
(3, 3, 3, 3, 3, 3, 3)
(14, 14, 14, 14, 14, 3, 3)
(3, 3, 3, 3, 3, 3, 3)
(3, 3, 3, 3, 3, 3, 3)
(14, 14, 14, 14, 3, 3, 3)
(3, 3, 3, 3, 3, 3, 3)
(3, 3, 3, 3, 3, 3, 3)
(14, 14, 14, 3, 3, 3, 3)
(3, 3, 3, 3, 3, 3, 3)
(3, 3, 3, 3, 3, 3, 3)
(14, 14, 3, 3, 3, 3, 3)
(3, 3, 3, 3, 3, 3, 3)
(3, 3, 3, 3, 3, 3, 3)
(14, 3, 3, 3, 3, 3, 3)
(3, 3, 3, 3, 3, 3, 3)
(3, 3, 3, 3, 3, 3, 3)
(3, 3, 3, 3, 3, 3, 3)
(3, 3, 3, 3, 3, 3, 3)
(3, 3, 3, 3, 3, 3, 3)
(3, 3, 3, 3, 3, 3, 3)
(3, 3, 3, 3, 3, 3, 3)
(3, 3, 3, 3, 3, 3, 3)
(3, 3, 3, 3, 3, 3, 3)
(3, 3, 3, 3, 3, 3, 3)
(3, 3, 3, 3, 3, 3, 3)
(3, 3, 3, 3, 3, 3, 3)
(3, 3, 3, 3, 3, 3, 3)
(3, 3, 3, 3, 3, 3, 3)
(3, 3, 3, 3, 3, 3, 3)
(3, 3, 3, 3, 3, 3, 3)
(3, 3, 3, 3, 3, 3, 3)
(3, 3, 3, 3, 3, 3, 3)
(3, 3, 3, 3, 3, 3, 3)
(3, 3, 3, 3, 3, 3, 3)
(3, 3, 3, 3, 3, 3, 3)
(3, 3, 3, 3, 3, 3, 3)
(3, 3, 3, 3, 3, 3, 3)
(3, 3, 3, 3, 3, 3, 3)
(3, 3, 3, 3, 3, 3, 3)
(3, 3, 3, 3, 3, 3, 4)
(3, 3, 3, 3, 3, 4, 3)
(3, 3, 3, 3, 3, 3, 3)
(3, 3, 3, 3, 3, 3, 14)
(3, 3, 3, 3, 3, 14, 14)
(3, 3, 3, 3, 14, 14, 14)
(3, 3, 3, 14, 14, 14, 14)
(3, 3, 14, 14, 14, 14, 14)
(3, 14, 14, 14, 14, 14, 14)
(14, 14, 14, 14, 14, 14, 14)
(14, 14, 14, 14, 14, 14, 14)
(14, 14, 14, 14, 14, 14, 14)
(14, 14, 14, 14, 14, 14, 14)
(14, 14, 14, 14, 14, 14, 14)
(14, 14, 14, 14, 14, 14, 14)
(14, 14, 14, 14, 14, 14, 14)
(14, 14, 14, 14, 14, 14, 14)
(14, 14, 14, 14, 14, 14, 14)
(14, 14, 14, 14, 14, 14, 14)
(14, 14, 14, 14, 14, 14, 14)
(14, 14, 14, 14, 14, 14, 14)
(14, 14, 14, 14, 14, 14, 14)
(14, 14, 14, 14, 14, 14, 14)
(14, 14, 14, 14, 14, 14, 14)
(14, 14, 14, 14, 14, 14, 14)
(14, 14, 14, 14, 14, 14, 14)
(14, 14, 14, 14, 14, 14, 14)
(14, 14, 14, 14, 14, 14, 14)
(14, 14, 14, 14, 14, 14, 14)
(14, 14, 14, 14, 14, 14, 14)
(14, 14, 14, 14, 14, 14, 14)
(14, 14, 14, 14, 14, 14, 14)
(14, 14, 14, 14, 14, 14, 14)
(14, 14, 14, 14, 14, 14, 9)
(14, 14, 14, 14, 14, 9, 9)
(3, 3, 3, 3, 3, 3, 3)
(3, 3, 3, 3, 3, 3, 3)
(3, 3, 3, 3, 3, 3, 3)
(14, 14, 14, 14, 9, 9, 3)
(3, 3, 3, 3, 3, 3, 3)
(14, 14, 14, 9, 9, 3, 3)
(14, 14, 9, 9, 3, 3, 2)
(3, 3, 3, 3, 3, 3, 3)
(14, 9, 9, 3, 3, 2, 1)
(3, 3, 3, 3, 3, 3, 4)
(3, 3, 3, 3, 3, 4, 6)
(3, 3, 3, 3, 4, 6, 3)
(9, 9, 3, 3, 2, 1, 3)
(9, 3, 3, 2, 1, 3, 2)
(3, 3, 2, 1, 3, 2, 1)
(3, 2, 1, 3, 2, 1, 2)
(2, 1, 3, 2, 1, 2, 1)
(1, 3, 2, 1, 2, 1, 15)
(3, 3, 3, 3, 3, 3, 3)
(3, 3, 3, 3, 3, 3, 4)
(3, 3, 3, 3, 3, 4, 4)
(3, 3, 3, 3, 4, 4, 3)
(3, 2, 1, 2, 1, 15, 3)
(2, 1, 2, 1, 15, 3, 4)
(1, 2, 1, 15, 3, 4, 1)
(2, 1, 15, 3, 4, 1, 1)
(1, 15, 3, 4, 1, 1, 2)
(15, 3, 4, 1, 1, 2, 1)
(3, 3, 3, 3, 3, 3, 3)
(3, 3, 3, 3, 3, 3, 4)
(3, 3, 3, 3, 3, 4, 17)
(3, 3, 3, 3, 4, 17, 10)
(3, 3, 3, 4, 17, 10, 18)
(3, 3, 4, 17, 10, 18, 2)
(3, 4, 17, 10, 18, 2, 19)
(4, 17, 10, 18, 2, 19, 18)
(17, 10, 18, 2, 19, 18, 17)
(10, 18, 2, 19, 18, 17, 17)
(18, 2, 19, 18, 17, 17, 17)
(2, 19, 18, 17, 17, 17, 3)
(3, 4, 1, 1, 2, 1, 3)
(4, 1, 1, 2, 1, 3, 2)
(1, 1, 2, 1, 3, 2, 1)
(3, 3, 3, 3, 4, 3, 3)
(3, 3, 3, 4, 3, 3, 3)
(1, 2, 1, 3, 2, 1, 3)
(3, 3, 3, 4, 6, 3, 3)
(3, 3, 4, 6, 3, 3, 3)
(3, 4, 6, 3, 3, 3, 17)
(4, 6, 3, 3, 3, 17, 10)
(6, 3, 3, 3, 17, 10, 18)
(3, 3, 3, 17, 10, 18, 2)
(3, 3, 17, 10, 18, 2, 19)
(3, 17, 10, 18, 2, 19, 18)
(17, 10, 18, 2, 19, 18, 17)
(10, 18, 2, 19, 18, 17, 17)
(18, 2, 19, 18, 17, 17, 17)
(3, 3, 3, 4, 4, 3, 3)
(3, 3, 4, 4, 3, 3, 3)
(3, 4, 4, 3, 3, 3, 17)
(4, 4, 3, 3, 3, 17, 10)
(4, 3, 3, 3, 17, 10, 18)
(3, 3, 3, 17, 10, 18, 2)
(3, 3, 17, 10, 18, 2, 19)
(3, 17, 10, 18, 2, 19, 18)
(17, 10, 18, 2, 19, 18, 17)
(10, 18, 2, 19, 18, 17, 17)
(19, 18, 17, 17, 17, 3, 3)
(18, 17, 17, 17, 3, 3, 3)
(18, 2, 19, 18, 17, 17, 17)
(3, 3, 4, 3, 3, 3, 3)
(3, 4, 3, 3, 3, 3, 3)
(4, 3, 3, 3, 3, 3, 17)
(2, 19, 18, 17, 17, 17, 3)
(19, 18, 17, 17, 17, 3, 3)
(2, 1, 3, 2, 1, 3, 3)
(3, 3, 3, 3, 3, 17, 10)
(3, 3, 3, 3, 17, 10, 18)
(18, 17, 17, 17, 3, 3, 3)
(3, 3, 3, 17, 10, 18, 2)
(3, 3, 17, 10, 18, 2, 19)
(1, 3, 2, 1, 3, 3, 3)
(3, 17, 10, 18, 2, 19, 18)
(17, 10, 18, 2, 19, 18, 17)
(10, 18, 2, 19, 18, 17, 17)
(2, 19, 18, 17, 17, 17, 3)
(18, 2, 19, 18, 17, 17, 17)
(2, 19, 18, 17, 17, 17, 3)
(19, 18, 17, 17, 17, 3, 17)
(19, 18, 17, 17, 17, 3, 3)
(18, 17, 17, 17, 3, 3, 3)
(18, 17, 17, 17, 3, 17, 10)
(3, 2, 1, 3, 3, 3, 3)
(17, 17, 17, 3, 17, 10, 18)
(17, 17, 17, 3, 3, 3, 3)
(17, 17, 3, 17, 10, 18, 2)
(17, 3, 17, 10, 18, 2, 19)
(2, 1, 3, 3, 3, 3, 3)
(3, 17, 10, 18, 2, 19, 18)
(17, 10, 18, 2, 19, 18, 17)
(10, 18, 2, 19, 18, 17, 17)
(18, 2, 19, 18, 17, 17, 17)
(1, 3, 3, 3, 3, 3, 3)
(2, 19, 18, 17, 17, 17, 3)
(3, 3, 3, 3, 3, 3, 3)
(3, 3, 3, 3, 3, 3, 3)
(17, 17, 17, 3, 3, 3, 3)
(17, 17, 3, 3, 3, 3, 3)
(17, 3, 3, 3, 3, 3, 17)
(3, 3, 3, 3, 3, 17, 10)
(3, 3, 3, 3, 17, 10, 18)
(3, 3, 3, 17, 10, 18, 2)
(3, 3, 17, 10, 18, 2, 19)
(3, 17, 10, 18, 2, 19, 18)
(17, 10, 18, 2, 19, 18, 17)
(10, 18, 2, 19, 18, 17, 17)
(18, 2, 19, 18, 17, 17, 17)
(17, 17, 3, 3, 3, 3, 3)
(17, 3, 3, 3, 3, 3, 3)
(3, 3, 3, 3, 3, 3, 17)
(3, 3, 3, 3, 3, 17, 10)
(3, 3, 3, 3, 17, 10, 18)
(3, 3, 3, 17, 10, 18, 2)
(3, 3, 17, 10, 18, 2, 19)
(3, 17, 10, 18, 2, 19, 18)
(17, 10, 18, 2, 19, 18, 17)
(10, 18, 2, 19, 18, 17, 17)
(18, 2, 19, 18, 17, 17, 17)
(17, 17, 17, 3, 3, 3, 3)
(17, 17, 3, 3, 3, 3, 3)
(17, 3, 3, 3, 3, 3, 17)
(3, 3, 3, 3, 3, 17, 10)
(3, 3, 3, 3, 17, 10, 18)
(3, 3, 3, 17, 10, 18, 2)
(3, 3, 17, 10, 18, 2, 19)
(3, 3, 3, 3, 3, 3, 3)
(3, 17, 10, 18, 2, 19, 18)
(17, 10, 18, 2, 19, 18, 17)
(10, 18, 2, 19, 18, 17, 17)
(18, 2, 19, 18, 17, 17, 17)
(19, 18, 17, 17, 17, 3, 3)
(18, 17, 17, 17, 3, 3, 3)
(17, 17, 17, 3, 3, 3, 17)
(2, 19, 18, 17, 17, 17, 3)
(17, 17, 3, 3, 3, 17, 10)
(19, 18, 17, 17, 17, 3, 3)
(17, 3, 3, 3, 17, 10, 18)
(3, 3, 3, 3, 3, 3, 3)
(3, 3, 3, 17, 10, 18, 2)
(3, 3, 17, 10, 18, 2, 19)
(18, 17, 17, 17, 3, 3, 3)
(3, 17, 10, 18, 2, 19, 18)
(17, 10, 18, 2, 19, 18, 17)
(10, 18, 2, 19, 18, 17, 17)
(3, 3, 3, 3, 3, 3, 3)
(18, 2, 19, 18, 17, 17, 17)
(3, 3, 3, 3, 3, 3, 3)
(17, 17, 17, 3, 3, 3, 3)
(17, 17, 3, 3, 3, 3, 3)
(17, 3, 3, 3, 3, 3, 17)
(3, 3, 3, 3, 3, 17, 10)
(3, 3, 3, 3, 17, 10, 18)
(3, 3, 3, 17, 10, 18, 2)
(3, 3, 17, 10, 18, 2, 19)
(3, 17, 10, 18, 2, 19, 18)
(17, 10, 18, 2, 19, 18, 17)
(10, 18, 2, 19, 18, 17, 17)
(18, 2, 19, 18, 17, 17, 17)
(2, 19, 18, 17, 17, 17, 3)
(2, 19, 18, 17, 17, 17, 3)
(19, 18, 17, 17, 17, 3, 17)
(18, 17, 17, 17, 3, 17, 10)
(17, 17, 17, 3, 17, 10, 18)
(17, 17, 3, 17, 10, 18, 2)
(17, 3, 17, 10, 18, 2, 19)
(3, 17, 10, 18, 2, 19, 18)
(17, 10, 18, 2, 19, 18, 17)
(2, 19, 18, 17, 17, 17, 3)
(10, 18, 2, 19, 18, 17, 17)
(19, 18, 17, 17, 17, 3, 3)
(18, 2, 19, 18, 17, 17, 17)
(2, 19, 18, 17, 17, 17, 3)
(19, 18, 17, 17, 17, 3, 4)
(18, 17, 17, 17, 3, 4, 3)
(17, 17, 17, 3, 4, 3, 17)
(3, 3, 3, 3, 3, 3, 3)
(17, 17, 3, 4, 3, 17, 10)
(17, 3, 4, 3, 17, 10, 18)
(19, 18, 17, 17, 17, 3, 3)
(3, 4, 3, 17, 10, 18, 2)
(3, 3, 3, 3, 3, 3, 3)
(18, 17, 17, 17, 3, 3, 3)
(4, 3, 17, 10, 18, 2, 19)
(3, 17, 10, 18, 2, 19, 18)
(2, 19, 18, 17, 17, 17, 3)
(19, 18, 17, 17, 17, 3, 3)
(17, 10, 18, 2, 19, 18, 17)
(10, 18, 2, 19, 18, 17, 17)
(3, 3, 3, 3, 3, 3, 3)
(18, 2, 19, 18, 17, 17, 17)
(17, 17, 17, 3, 3, 3, 3)
(3, 3, 3, 3, 3, 3, 3)
(2, 19, 18, 17, 17, 17, 3)
(3, 3, 3, 3, 3, 3, 3)
(19, 18, 17, 17, 17, 3, 3)
(3, 3, 3, 3, 3, 3, 3)
(3, 3, 3, 3, 3, 3, 3)
(3, 3, 3, 3, 3, 3, 2)
(3, 3, 3, 3, 3, 2, 1)
(18, 17, 17, 17, 3, 3, 3)
(17, 17, 17, 3, 3, 3, 3)
(3, 3, 3, 3, 2, 1, 3)
(18, 17, 17, 17, 3, 3, 3)
(17, 17, 17, 3, 3, 3, 3)
(3, 3, 3, 2, 1, 3, 3)
(17, 17, 3, 3, 3, 3, 3)
(17, 3, 3, 3, 3, 3, 3)
(3, 3, 2, 1, 3, 3, 3)
(18, 17, 17, 17, 3, 3, 3)
(17, 17, 17, 3, 3, 3, 3)
(3, 2, 1, 3, 3, 3, 3)
(17, 17, 3, 3, 3, 3, 3)
(17, 3, 3, 3, 3, 3, 3)
(3, 3, 3, 3, 3, 3, 17)
(3, 3, 3, 3, 3, 17, 10)
(3, 3, 3, 3, 17, 10, 18)
(3, 3, 3, 17, 10, 18, 2)
(3, 3, 17, 10, 18, 2, 19)
(3, 17, 10, 18, 2, 19, 18)
(17, 10, 18, 2, 19, 18, 17)
(10, 18, 2, 19, 18, 17, 17)
(18, 2, 19, 18, 17, 17, 17)
(17, 17, 3, 3, 3, 3, 3)
(17, 3, 3, 3, 3, 3, 3)
(3, 3, 3, 3, 3, 3, 17)
(3, 3, 3, 3, 3, 17, 10)
(3, 3, 3, 3, 17, 10, 18)
(3, 3, 3, 17, 10, 18, 2)
(3, 3, 17, 10, 18, 2, 19)
(3, 17, 10, 18, 2, 19, 18)
(17, 10, 18, 2, 19, 18, 17)
(10, 18, 2, 19, 18, 17, 17)
(18, 2, 19, 18, 17, 17, 17)
(3, 3, 3, 3, 3, 3, 3)
(17, 17, 3, 3, 3, 3, 3)
(17, 3, 3, 3, 3, 3, 3)
(3, 3, 3, 3, 3, 3, 3)
(2, 1, 3, 3, 3, 3, 3)
(3, 3, 3, 3, 3, 3, 17)
(3, 3, 3, 3, 3, 17, 10)
(3, 3, 3, 3, 17, 10, 18)
(3, 3, 3, 17, 10, 18, 2)
(3, 3, 17, 10, 18, 2, 19)
(3, 17, 10, 18, 2, 19, 18)
(17, 10, 18, 2, 19, 18, 17)
(10, 18, 2, 19, 18, 17, 17)
(18, 2, 19, 18, 17, 17, 17)
(3, 3, 3, 3, 3, 3, 3)
(3, 3, 3, 3, 3, 3, 3)
(2, 19, 18, 17, 17, 17, 3)
(3, 3, 3, 3, 3, 3, 3)
(2, 19, 18, 17, 17, 17, 3)
(3, 3, 3, 3, 3, 3, 3)
(2, 19, 18, 17, 17, 17, 3)
(3, 3, 3, 3, 3, 3, 3)
(19, 18, 17, 17, 17, 3, 3)
(3, 3, 3, 3, 3, 3, 3)
(19, 18, 17, 17, 17, 3, 3)
(3, 3, 3, 3, 3, 3, 3)
(3, 3, 3, 3, 3, 3, 17)
(3, 3, 3, 3, 3, 17, 10)
(3, 3, 3, 3, 17, 10, 18)
(3, 3, 3, 17, 10, 18, 2)
(3, 3, 17, 10, 18, 2, 19)
(3, 17, 10, 18, 2, 19, 18)
(17, 10, 18, 2, 19, 18, 17)
(10, 18, 2, 19, 18, 17, 17)
(19, 18, 17, 17, 17, 3, 3)
(18, 2, 19, 18, 17, 17, 17)
(2, 19, 18, 17, 17, 17, 3)
(19, 18, 17, 17, 17, 3, 17)
(18, 17, 17, 17, 3, 17, 10)
(17, 17, 17, 3, 17, 10, 18)
(17, 17, 3, 17, 10, 18, 2)
(17, 3, 17, 10, 18, 2, 19)
(3, 17, 10, 18, 2, 19, 18)
(17, 10, 18, 2, 19, 18, 17)
(10, 18, 2, 19, 18, 17, 17)
(18, 17, 17, 17, 3, 3, 3)
(18, 2, 19, 18, 17, 17, 17)
(2, 19, 18, 17, 17, 17, 3)
(19, 18, 17, 17, 17, 3, 17)
(18, 17, 17, 17, 3, 17, 10)
(17, 17, 17, 3, 17, 10, 18)
(17, 17, 3, 17, 10, 18, 2)
(17, 3, 17, 10, 18, 2, 19)
(3, 17, 10, 18, 2, 19, 18)
(17, 10, 18, 2, 19, 18, 17)
(10, 18, 2, 19, 18, 17, 17)
(18, 17, 17, 17, 3, 3, 3)
(18, 2, 19, 18, 17, 17, 17)
(2, 19, 18, 17, 17, 17, 3)
(19, 18, 17, 17, 17, 3, 17)
(18, 17, 17, 17, 3, 17, 10)
(17, 17, 17, 3, 17, 10, 18)
(17, 17, 3, 17, 10, 18, 2)
(17, 3, 17, 10, 18, 2, 19)
(3, 17, 10, 18, 2, 19, 18)
(17, 10, 18, 2, 19, 18, 17)
(10, 18, 2, 19, 18, 17, 17)
(18, 17, 17, 17, 3, 3, 3)
(18, 2, 19, 18, 17, 17, 17)
(2, 19, 18, 17, 17, 17, 3)
(19, 18, 17, 17, 17, 3, 17)
(18, 17, 17, 17, 3, 17, 10)
(17, 17, 17, 3, 17, 10, 18)
(17, 17, 3, 17, 10, 18, 2)
(17, 3, 17, 10, 18, 2, 19)
(3, 17, 10, 18, 2, 19, 18)
(17, 10, 18, 2, 19, 18, 17)
(10, 18, 2, 19, 18, 17, 17)
(17, 17, 17, 3, 3, 3, 3)
(18, 2, 19, 18, 17, 17, 17)
(2, 19, 18, 17, 17, 17, 3)
(19, 18, 17, 17, 17, 3, 17)
(18, 17, 17, 17, 3, 17, 10)
(17, 17, 17, 3, 17, 10, 18)
(17, 17, 3, 17, 10, 18, 2)
(17, 3, 17, 10, 18, 2, 19)
(3, 17, 10, 18, 2, 19, 18)
(17, 10, 18, 2, 19, 18, 17)
(10, 18, 2, 19, 18, 17, 17)
(17, 17, 17, 3, 3, 3, 3)
(18, 2, 19, 18, 17, 17, 17)
(2, 19, 18, 17, 17, 17, 3)
(19, 18, 17, 17, 17, 3, 17)
(18, 17, 17, 17, 3, 17, 10)
(17, 17, 17, 3, 17, 10, 18)
(17, 17, 3, 17, 10, 18, 2)
(17, 3, 17, 10, 18, 2, 19)
(3, 17, 10, 18, 2, 19, 18)
(17, 10, 18, 2, 19, 18, 17)
(10, 18, 2, 19, 18, 17, 17)
(17, 17, 17, 3, 3, 3, 3)
(18, 2, 19, 18, 17, 17, 17)
(2, 19, 18, 17, 17, 17, 3)
(19, 18, 17, 17, 17, 3, 17)
(18, 17, 17, 17, 3, 17, 10)
(17, 17, 17, 3, 17, 10, 18)
(17, 17, 3, 17, 10, 18, 2)
(17, 3, 17, 10, 18, 2, 19)
(3, 17, 10, 18, 2, 19, 18)
(17, 10, 18, 2, 19, 18, 17)
(10, 18, 2, 19, 18, 17, 17)
(17, 17, 3, 3, 3, 3, 3)
(18, 2, 19, 18, 17, 17, 17)
(2, 19, 18, 17, 17, 17, 3)
(19, 18, 17, 17, 17, 3, 17)
(18, 17, 17, 17, 3, 17, 10)
(17, 17, 17, 3, 17, 10, 18)
(17, 17, 3, 17, 10, 18, 2)
(17, 3, 17, 10, 18, 2, 19)
(3, 17, 10, 18, 2, 19, 18)
(17, 10, 18, 2, 19, 18, 17)
(10, 18, 2, 19, 18, 17, 17)
(17, 17, 3, 3, 3, 3, 3)
(18, 2, 19, 18, 17, 17, 17)
(2, 19, 18, 17, 17, 17, 3)
(19, 18, 17, 17, 17, 3, 17)
(18, 17, 17, 17, 3, 17, 10)
(17, 17, 17, 3, 17, 10, 18)
(17, 17, 3, 17, 10, 18, 2)
(17, 3, 17, 10, 18, 2, 19)
(3, 17, 10, 18, 2, 19, 18)
(17, 10, 18, 2, 19, 18, 17)
(10, 18, 2, 19, 18, 17, 17)
(17, 17, 3, 3, 3, 3, 3)
(18, 2, 19, 18, 17, 17, 17)
(2, 19, 18, 17, 17, 17, 3)
(19, 18, 17, 17, 17, 3, 17)
(18, 17, 17, 17, 3, 17, 10)
(17, 17, 17, 3, 17, 10, 18)
(17, 17, 3, 17, 10, 18, 2)
(17, 3, 17, 10, 18, 2, 19)
(3, 17, 10, 18, 2, 19, 18)
(17, 10, 18, 2, 19, 18, 17)
(10, 18, 2, 19, 18, 17, 17)
(17, 3, 3, 3, 3, 3, 3)
(18, 2, 19, 18, 17, 17, 17)
(2, 19, 18, 17, 17, 17, 3)
(19, 18, 17, 17, 17, 3, 17)
(18, 17, 17, 17, 3, 17, 10)
(17, 17, 17, 3, 17, 10, 18)
(17, 17, 3, 17, 10, 18, 2)
(17, 3, 17, 10, 18, 2, 19)
(3, 17, 10, 18, 2, 19, 18)
(17, 10, 18, 2, 19, 18, 17)
(17, 3, 3, 3, 3, 3, 3)
(10, 18, 2, 19, 18, 17, 17)
(18, 2, 19, 18, 17, 17, 17)
(2, 19, 18, 17, 17, 17, 3)
(19, 18, 17, 17, 17, 3, 17)
(18, 17, 17, 17, 3, 17, 10)
(17, 17, 17, 3, 17, 10, 18)
(17, 17, 3, 17, 10, 18, 2)
(17, 3, 17, 10, 18, 2, 19)
(3, 17, 10, 18, 2, 19, 18)
(17, 10, 18, 2, 19, 18, 17)
(17, 3, 3, 3, 3, 3, 3)
(10, 18, 2, 19, 18, 17, 17)
(18, 2, 19, 18, 17, 17, 17)
(2, 19, 18, 17, 17, 17, 3)
(19, 18, 17, 17, 17, 3, 17)
(18, 17, 17, 17, 3, 17, 10)
(17, 17, 17, 3, 17, 10, 18)
(17, 17, 3, 17, 10, 18, 2)
(17, 3, 17, 10, 18, 2, 19)
(3, 17, 10, 18, 2, 19, 18)
(17, 10, 18, 2, 19, 18, 17)
(10, 18, 2, 19, 18, 17, 17)
(3, 3, 3, 3, 3, 3, 3)
(18, 2, 19, 18, 17, 17, 17)
(2, 19, 18, 17, 17, 17, 3)
(19, 18, 17, 17, 17, 3, 17)
(18, 17, 17, 17, 3, 17, 10)
(17, 17, 17, 3, 17, 10, 18)
(17, 17, 3, 17, 10, 18, 2)
(17, 3, 17, 10, 18, 2, 19)
(3, 17, 10, 18, 2, 19, 18)
(17, 10, 18, 2, 19, 18, 17)
(10, 18, 2, 19, 18, 17, 17)
(3, 3, 3, 3, 3, 3, 3)
(18, 2, 19, 18, 17, 17, 17)
(2, 19, 18, 17, 17, 17, 3)
(19, 18, 17, 17, 17, 3, 17)
(3, 3, 3, 3, 3, 3, 3)
(3, 3, 3, 3, 3, 3, 3)
(18, 17, 17, 17, 3, 17, 10)
(3, 3, 3, 3, 3, 3, 3)
(17, 17, 17, 3, 17, 10, 18)
(3, 3, 3, 3, 3, 3, 3)
(17, 17, 3, 17, 10, 18, 2)
(3, 3, 3, 3, 3, 3, 3)
(17, 3, 17, 10, 18, 2, 19)
(3, 3, 3, 3, 3, 3, 3)
(1, 3, 3, 3, 3, 3, 3)
(3, 17, 10, 18, 2, 19, 18)
(3, 3, 3, 3, 3, 3, 3)
(17, 10, 18, 2, 19, 18, 17)
(10, 18, 2, 19, 18, 17, 17)
(3, 3, 3, 3, 3, 3, 3)
(18, 2, 19, 18, 17, 17, 17)
(3, 3, 3, 3, 3, 3, 3)
(3, 3, 3, 3, 3, 3, 3)
(3, 3, 3, 3, 3, 3, 3)
(3, 3, 3, 3, 3, 3, 17)
(3, 3, 3, 3, 3, 17, 10)
(3, 3, 3, 3, 17, 10, 18)
(3, 3, 3, 17, 10, 18, 2)
(3, 3, 17, 10, 18, 2, 19)
(2, 19, 18, 17, 17, 17, 3)
(3, 3, 3, 3, 3, 3, 3)
(3, 3, 3, 3, 3, 3, 3)
(19, 18, 17, 17, 17, 3, 3)
(3, 17, 10, 18, 2, 19, 18)
(17, 10, 18, 2, 19, 18, 17)
(10, 18, 2, 19, 18, 17, 17)
(3, 3, 3, 3, 3, 3, 3)
(18, 2, 19, 18, 17, 17, 17)
(18, 17, 17, 17, 3, 3, 3)
(3, 3, 3, 3, 3, 3, 3)
(2, 19, 18, 17, 17, 17, 3)
(3, 3, 3, 3, 3, 3, 3)
(19, 18, 17, 17, 17, 3, 3)
(3, 3, 3, 3, 3, 3, 3)
(3, 3, 3, 3, 3, 3, 3)
(3, 3, 3, 3, 3, 3, 3)
(3, 3, 3, 3, 3, 3, 3)
(3, 3, 3, 3, 3, 3, 4)
(3, 3, 3, 3, 3, 4, 3)
(3, 3, 3, 3, 4, 3, 17)
(3, 3, 3, 3, 3, 3, 3)
(3, 3, 3, 4, 3, 17, 10)
(3, 3, 4, 3, 17, 10, 18)
(3, 4, 3, 17, 10, 18, 2)
(4, 3, 17, 10, 18, 2, 19)
(3, 17, 10, 18, 2, 19, 18)
(17, 10, 18, 2, 19, 18, 17)
(10, 18, 2, 19, 18, 17, 17)
(18, 2, 19, 18, 17, 17, 17)
(2, 19, 18, 17, 17, 17, 3)
(3, 3, 3, 3, 3, 3, 3)
(3, 3, 3, 3, 3, 3, 2)
(3, 3, 3, 3, 3, 2, 1)
(3, 3, 3, 3, 3, 3, 3)
(3, 3, 3, 3, 3, 3, 3)
(3, 3, 3, 3, 2, 1, 3)
(17, 17, 17, 3, 3, 3, 3)
(17, 17, 3, 3, 3, 3, 3)
(3, 3, 3, 2, 1, 3, 3)
(18, 17, 17, 17, 3, 3, 3)
(17, 17, 17, 3, 3, 3, 3)
(3, 3, 2, 1, 3, 3, 3)
(19, 18, 17, 17, 17, 3, 3)
(18, 17, 17, 17, 3, 3, 3)
(3, 2, 1, 3, 3, 3, 3)
(3, 3, 3, 3, 3, 3, 3)
(3, 3, 3, 3, 3, 3, 3)
(2, 1, 3, 3, 3, 3, 3)
(17, 3, 3, 3, 3, 3, 3)
(3, 3, 3, 3, 3, 3, 3)
(1, 3, 3, 3, 3, 3, 3)
(17, 17, 3, 3, 3, 3, 3)
(17, 3, 3, 3, 3, 3, 3)
(3, 3, 3, 3, 3, 3, 3)
(17, 17, 17, 3, 3, 3, 3)
(17, 17, 3, 3, 3, 3, 3)
(3, 3, 3, 3, 3, 3, 3)
(3, 3, 3, 3, 3, 3, 3)
(3, 3, 3, 3, 3, 3, 3)
(3, 3, 3, 3, 3, 3, 3)
(3, 3, 3, 3, 3, 3, 3)
(3, 3, 3, 3, 3, 3, 3)
(3, 3, 3, 3, 3, 3, 3)
(3, 3, 3, 3, 3, 3, 3)
(3, 3, 3, 3, 3, 3, 3)
(3, 3, 3, 3, 3, 3, 3)
(17, 3, 3, 3, 3, 3, 3)
(3, 3, 3, 3, 3, 3, 3)
(3, 3, 3, 3, 3, 3, 3)
(3, 3, 3, 3, 3, 3, 3)
(3, 3, 3, 3, 3, 3, 3)
(3, 3, 3, 3, 3, 3, 3)
(3, 3, 3, 3, 3, 3, 3)
(3, 3, 3, 3, 3, 3, 3)
(3, 3, 3, 3, 3, 3, 3)
(3, 3, 3, 3, 3, 3, 3)
(3, 3, 3, 3, 3, 3, 3)
(3, 3, 3, 3, 3, 3, 3)
(3, 3, 3, 3, 3, 3, 3)
(3, 3, 3, 3, 3, 3, 3)
(3, 3, 3, 3, 3, 3, 3)
(3, 3, 3, 3, 3, 3, 3)
(3, 3, 3, 3, 3, 3, 3)
(3, 3, 3, 3, 3, 3, 3)
(3, 3, 3, 3, 3, 3, 3)
(3, 3, 3, 3, 3, 3, 3)
(3, 3, 3, 3, 3, 3, 3)
(3, 3, 3, 3, 3, 3, 3)
(3, 3, 3, 3, 3, 3, 3)
(3, 3, 3, 3, 3, 3, 3)
(3, 3, 3, 3, 3, 3, 3)
(3, 3, 3, 3, 3, 3, 3)
(3, 3, 3, 3, 3, 3, 3)
(3, 3, 3, 3, 3, 3, 3)
(3, 3, 3, 3, 3, 3, 3)
(3, 3, 3, 3, 3, 3, 3)
(3, 3, 3, 3, 3, 3, 3)
(3, 3, 3, 3, 3, 3, 3)
(3, 3, 3, 3, 3, 3, 17)
(3, 3, 3, 3, 3, 17, 10)
(3, 3, 3, 3, 17, 10, 18)
(3, 3, 3, 17, 10, 18, 2)
(3, 3, 17, 10, 18, 2, 19)
(3, 17, 10, 18, 2, 19, 18)
(17, 10, 18, 2, 19, 18, 17)
(10, 18, 2, 19, 18, 17, 17)
(18, 2, 19, 18, 17, 17, 17)
(3, 3, 3, 3, 3, 3, 3)
(3, 3, 3, 3, 3, 3, 3)
(3, 3, 3, 3, 3, 3, 17)
(3, 3, 3, 3, 3, 17, 10)
(3, 3, 3, 3, 3, 3, 1)
(3, 3, 3, 3, 3, 1, 1)
(3, 3, 3, 3, 1, 1, 1)
(3, 3, 3, 1, 1, 1, 5)
(3, 3, 1, 1, 1, 5, 15)
(3, 1, 1, 1, 5, 15, 5)
(1, 1, 1, 5, 15, 5, 15)
(1, 1, 5, 15, 5, 15, 5)
(1, 5, 15, 5, 15, 5, 15)
(3, 3, 3, 3, 17, 10, 3)
(3, 3, 3, 17, 10, 3, 3)
(5, 15, 5, 15, 5, 15, 3)
(3, 3, 3, 3, 3, 3, 3)
(3, 3, 3, 3, 3, 3, 4)
(3, 3, 3, 3, 3, 4, 3)
(15, 5, 15, 5, 15, 3, 3)
(5, 15, 5, 15, 3, 3, 37)
(15, 5, 15, 3, 3, 37, 6)
(5, 15, 3, 3, 37, 6, 5)
(15, 3, 3, 37, 6, 5, 38)
(3, 3, 37, 6, 5, 38, 7)
(3, 37, 6, 5, 38, 7, 6)
(37, 6, 5, 38, 7, 6, 6)
(6, 5, 38, 7, 6, 6, 37)
(5, 38, 7, 6, 6, 37, 6)
(38, 7, 6, 6, 37, 6, 5)
(7, 6, 6, 37, 6, 5, 38)
(6, 6, 37, 6, 5, 38, 7)
(6, 37, 6, 5, 38, 7, 6)
(37, 6, 5, 38, 7, 6, 6)
(6, 5, 38, 7, 6, 6, 37)
(5, 38, 7, 6, 6, 37, 6)
(38, 7, 6, 6, 37, 6, 5)
(7, 6, 6, 37, 6, 5, 38)
(6, 6, 37, 6, 5, 38, 7)
(6, 37, 6, 5, 38, 7, 6)
(37, 6, 5, 38, 7, 6, 6)
(6, 5, 38, 7, 6, 6, 37)
(5, 38, 7, 6, 6, 37, 6)
(38, 7, 6, 6, 37, 6, 5)
(7, 6, 6, 37, 6, 5, 38)
(6, 6, 37, 6, 5, 38, 7)
(6, 37, 6, 5, 38, 7, 6)
(37, 6, 5, 38, 7, 6, 6)
(6, 5, 38, 7, 6, 6, 37)
(5, 38, 7, 6, 6, 37, 6)
(38, 7, 6, 6, 37, 6, 5)
(7, 6, 6, 37, 6, 5, 38)
(6, 6, 37, 6, 5, 38, 7)
(6, 37, 6, 5, 38, 7, 6)
(37, 6, 5, 38, 7, 6, 6)
(6, 5, 38, 7, 6, 6, 37)
(5, 38, 7, 6, 6, 37, 6)
(38, 7, 6, 6, 37, 6, 5)
(7, 6, 6, 37, 6, 5, 38)
(6, 6, 37, 6, 5, 38, 7)
(6, 37, 6, 5, 38, 7, 6)
(37, 6, 5, 38, 7, 6, 6)
(6, 5, 38, 7, 6, 6, 37)
(5, 38, 7, 6, 6, 37, 6)
(38, 7, 6, 6, 37, 6, 5)
(7, 6, 6, 37, 6, 5, 38)
(6, 6, 37, 6, 5, 38, 7)
(6, 37, 6, 5, 38, 7, 6)
(37, 6, 5, 38, 7, 6, 6)
