(41, 7, 6, 6, 40, 6, 5) 0.051 1
41 0.052 1
7 0.053 1
6 0.054 1
6 0.055 1
40 0.056 1
6 0.057 1
5 0.058 1
41 0.059 1
7 0.06 1
6 0.061 1
6 0.062 1
40 0.063 1
6 0.064 1
5 0.065 1
41 0.066 1
7 0.067 1
6 0.068 1
6 0.069 1
40 0.07 1
6 0.071 1
5 0.072 1
41 0.073 1
7 0.074 1
6 0.075 1
6 0.076 1
40 0.077 1
6 0.078 1
5 0.079 1
41 0.08 1
7 0.081 1
6 0.082 1
6 0.083 1
40 0.084 1
6 0.085 1
5 0.086 1
41 0.087 1
7 0.088 1
6 0.089 1
6 0.09 1
40 0.091 1
6 0.092 1
5 0.093 1
41 0.094 1
7 0.095 1
6 0.096 1
6 0.097 1
40 0.098 1
6 0.099 1
5 0.1 1
41 0.101 1
7 0.102 1
6 0.103 1
6 0.104 1
40 0.105 1
6 0.106 1
5 0.107 1
41 0.108 1
7 0.109 1
6 0.11 1
6 0.111 1
40 0.112 1
6 0.113 1
5 0.114 1
41 0.115 1
7 0.116 1
6 0.117 1
6 0.118 1
40 0.119 1
6 0.12 1
5 0.121 1
41 0.122 1
7 0.123 1
6 0.124 1
6 0.125 1
40 0.126 1
6 0.127 1
5 0.128 1
41 0.129 1
7 0.13 1
6 0.131 1
6 0.132 1
40 0.133 1
6 0.134 1
5 0.135 1
41 0.136 1
7 0.137 1
6 0.138 1
6 0.139 1
40 0.14 1
6 0.141 1
5 0.142 1
41 0.143 1
7 0.144 1
6 0.145 1
6 0.146 1
40 0.147 1
6 0.148 1
5 0.149 1
41 0.15 1
7 0.151 1
6 0.152 1
6 0.153 1
40 0.154 1
6 0.155 1
5 0.156 1
41 0.157 1
7 0.158 1
6 0.159 1
6 0.16 1
40 0.161 1
6 0.162 1
5 0.163 1
41 0.164 1
7 0.165 1
6 0.166 1
6 0.167 1
40 0.168 1
6 0.169 1
5 0.17 1
41 0.171 1
7 0.172 1
6 0.173 1
6 0.174 1
40 0.175 1
6 0.176 1
5 0.177 1
41 0.178 1
7 0.179 1
6 0.18 1
6 0.181 1
40 0.182 1
6 0.183 1
5 0.184 1
41 0.185 1
7 0.186 1
6 0.187 1
6 0.188 1
40 0.189 1
6 0.19 1
5 0.191 1
41 0.192 1
7 0.193 1
6 0.194 1
6 0.195 1
40 0.196 1
6 0.197 1
5 0.198 1
41 0.199 1
7 0.2 1
6 0.201 1
6 0.202 1
40 0.203 1
6 0.204 1
5 0.205 1
41 0.206 1
7 0.207 1
6 0.208 1
6 0.209 1
40 0.21 1
6 0.211 1
5 0.212 1
41 0.213 1
7 0.214 1
6 0.215 1
6 0.216 1
3 0.217 1
3 0.218 1
3 0.219 1
6 0.22 1
7 0.221 1
6 0.222 1
5 0.223 1
2 0.224 1
6 0.225 1
7 0.226 1
6 0.227 1
5 0.228 1
2 0.229 1
6 0.23 1
7 0.231 1
6 0.232 1
5 0.233 1
2 0.234 1
6 0.235 1
7 0.236 1
6 0.237 1
5 0.238 1
2 0.239 1
6 0.24 1
7 0.241 1
6 0.242 1
5 0.243 1
2 0.244 1
6 0.245 1
7 0.246 1
6 0.247 1
5 0.248 1
2 0.249 1
6 0.25 1
7 0.251 1
6 0.252 1
5 0.253 1
2 0.254 1
6 0.255 1
7 0.256 1
6 0.257 1
5 0.258 1
2 0.259 1
6 0.26 1
7 0.261 1
6 0.262 1
5 0.263 1
2 0.264 1
6 0.265 1
7 0.266 1
6 0.267 1
5 0.268 1
2 0.269 1
6 0.27 1
7 0.271 1
6 0.272 1
5 0.273 1
2 0.274 1
6 0.275 1
7 0.276 1
3 0.277 1
3 0.278 1
3 0.279 1
2 0.28 1
1 0.281 1
2 0.282 1
