(6, 6, 40, 6, 5, 41, 7) 0.051 1
6 0.052 1
6 0.053 1
40 0.054 1
6 0.055 1
5 0.056 1
41 0.057 1
7 0.058 1
6 0.059 1
6 0.06 1
40 0.061 1
6 0.062 1
5 0.063 1
41 0.064 1
7 0.065 1
6 0.066 1
6 0.067 1
40 0.068 1
6 0.069 1
5 0.07 1
41 0.071 1
14 0.072 1
3 0.073 1
3 0.074 1
3 0.075 1
3 0.076 1
3 0.077 1
40 0.078 1
6 0.079 1
5 0.08 1
41 0.081 1
7 0.082 1
6 0.083 1
6 0.084 1
40 0.085 1
6 0.086 1
5 0.087 1
41 0.088 1
7 0.089 1
6 0.09 1
6 0.091 1
40 0.092 1
6 0.093 1
5 0.094 1
41 0.095 1
7 0.096 1
6 0.097 1
6 0.098 1
40 0.099 1
6 0.1 1
5 0.101 1
41 0.102 1
7 0.103 1
6 0.104 1
6 0.105 1
40 0.106 1
6 0.107 1
5 0.108 1
41 0.109 1
7 0.11 1
6 0.111 1
6 0.112 1
40 0.113 1
6 0.114 1
5 0.115 1
41 0.116 1
7 0.117 1
6 0.118 1
6 0.119 1
40 0.12 1
6 0.121 1
5 0.122 1
41 0.123 1
7 0.124 1
6 0.125 1
6 0.126 1
40 0.127 1
6 0.128 1
5 0.129 1
41 0.13 1
7 0.131 1
3 0.132 1
3 0.133 1
3 0.134 1
4 0.135 1
12 0.136 1
2 0.137 1
5 0.138 1
2 0.139 1
6 0.14 1
7 0.141 1
6 0.142 1
5 0.143 1
2 0.144 1
6 0.145 1
7 0.146 1
6 0.147 1
5 0.148 1
2 0.149 1
6 0.15 1
7 0.151 1
6 0.152 1
5 0.153 1
2 0.154 1
6 0.155 1
7 0.156 1
6 0.157 1
5 0.158 1
2 0.159 1
6 0.16 1
7 0.161 1
6 0.162 1
5 0.163 1
2 0.164 1
6 0.165 1
7 0.166 1
6 0.167 1
5 0.168 1
2 0.169 1
6 0.17 1
7 0.171 1
6 0.172 1
5 0.173 1
2 0.174 1
6 0.175 1
7 0.176 1
6 0.177 1
5 0.178 1
2 0.179 1
6 0.18 1
7 0.181 1
6 0.182 1
2 0.183 1
5 0.184 1
2 0.185 1
6 0.186 1
7 0.187 1
6 0.188 1
5 0.189 1
2 0.19 1
6 0.191 1
7 0.192 1
6 0.193 1
5 0.194 1
2 0.195 1
6 0.196 1
7 0.197 1
6 0.198 1
5 0.199 1
2 0.2 1
6 0.201 1
7 0.202 1
6 0.203 1
5 0.204 1
2 0.205 1
6 0.206 1
7 0.207 1
6 0.208 1
5 0.209 1
2 0.21 1
6 0.211 1
7 0.212 1
6 0.213 1
5 0.214 1
2 0.215 1
6 0.216 1
7 0.217 1
6 0.218 1
5 0.219 1
2 0.22 1
6 0.221 1
7 0.222 1
6 0.223 1
5 0.224 1
2 0.225 1
6 0.226 1
7 0.227 1
6 0.228 1
5 0.229 1
2 0.23 1
6 0.231 1
7 0.232 1
6 0.233 1
5 0.234 1
2 0.235 1
6 0.236 1
7 0.237 1
6 0.238 1
5 0.239 1
2 0.24 1
6 0.241 1
7 0.242 1
6 0.243 1
5 0.244 1
2 0.245 1
6 0.246 1
7 0.247 1
6 0.248 1
5 0.249 1
2 0.25 1
6 0.251 1
7 0.252 1
6 0.253 1
5 0.254 1
2 0.255 1
6 0.256 1
7 0.257 1
6 0.258 1
5 0.259 1
2 0.26 1
6 0.261 1
7 0.262 1
6 0.263 1
5 0.264 1
2 0.265 1
6 0.266 1
7 0.267 1
6 0.268 1
5 0.269 1
2 0.27 1
6 0.271 1
7 0.272 1
6 0.273 1
5 0.274 1
2 0.275 1
6 0.276 1
7 0.277 1
6 0.278 1
5 0.279 1
2 0.28 1
6 0.281 1
7 0.282 1
6 0.283 1
5 0.284 1
2 0.285 1
6 0.286 1
7 0.287 1
6 0.288 1
5 0.289 1
2 0.29 1
6 0.291 1
7 0.292 1
6 0.293 1
5 0.294 1
2 0.295 1
6 0.296 1
7 0.297 1
6 0.298 1
5 0.299 1
2 0.3 1
6 0.301 1
7 0.302 1
6 0.303 1
5 0.304 1
2 0.305 1
6 0.306 1
7 0.307 1
6 0.308 1
5 0.309 1
2 0.31 1
6 0.311 1
7 0.312 1
6 0.313 1
5 0.314 1
2 0.315 1
6 0.316 1
7 0.317 1
6 0.318 1
5 0.319 1
2 0.32 1
6 0.321 1
7 0.322 1
6 0.323 1
5 0.324 1
2 0.325 1
6 0.326 1
7 0.327 1
6 0.328 1
5 0.329 1
2 0.33 1
6 0.331 1
7 0.332 1
6 0.333 1
5 0.334 1
2 0.335 1
6 0.336 1
7 0.337 1
6 0.338 1
5 0.339 1
2 0.34 1
6 0.341 1
7 0.342 1
6 0.343 1
9 0.344 1
9 0.345 1
2 0.346 1
3 0.347 1
3 0.348 1
3 0.349 1
40 0.35 1
6 0.351 1
5 0.352 1
41 0.353 1
7 0.354 1
6 0.355 1
6 0.356 1
40 0.357 1
6 0.358 1
5 0.359 1
41 0.36 1
7 0.361 1
6 0.362 1
6 0.363 1
40 0.364 1
6 0.365 1
5 0.366 1
41 0.367 1
7 0.368 1
6 0.369 1
6 0.37 1
40 0.371 1
6 0.372 1
5 0.373 1
41 0.374 1
7 0.375 1
6 0.376 1
6 0.377 1
40 0.378 1
6 0.379 1
5 0.38 1
41 0.381 1
7 0.382 1
6 0.383 1
6 0.384 1
40 0.385 1
6 0.386 1
5 0.386 1
41 0.386 1
7 0.386 1
6 0.387 1
6 0.387 1
40 0.388 1
6 0.389 1
5 0.39 1
41 0.391 1
7 0.392 1
6 0.393 1
6 0.394 1
40 0.395 1
6 0.396 1
5 0.397 1
41 0.398 1
7 0.399 1
6 0.4 1
6 0.401 1
40 0.402 1
6 0.403 1
5 0.404 1
41 0.405 1
7 0.406 1
6 0.407 1
6 0.408 1
40 0.409 1
6 0.41 1
5 0.411 1
41 0.412 1
7 0.413 1
6 0.414 1
6 0.415 1
40 0.416 1
6 0.417 1
5 0.418 1
41 0.419 1
7 0.42 1
6 0.421 1
6 0.422 1
40 0.423 1
6 0.424 1
5 0.425 1
41 0.426 1
7 0.427 1
6 0.428 1
6 0.429 1
40 0.43 1
6 0.431 1
5 0.432 1
41 0.433 1
7 0.434 1
6 0.435 1
6 0.436 1
40 0.437 1
6 0.438 1
5 0.439 1
41 0.44 1
7 0.441 1
6 0.442 1
6 0.443 1
40 0.444 1
6 0.445 1
5 0.446 1
41 0.447 1
7 0.448 1
6 0.449 1
6 0.45 1
40 0.451 1
6 0.452 1
5 0.453 1
41 0.454 1
7 0.455 1
6 0.456 1
6 0.457 1
40 0.458 1
6 0.459 1
5 0.46 1
41 0.461 1
7 0.462 1
6 0.463 1
6 0.464 1
40 0.465 1
6 0.466 1
5 0.467 1
41 0.468 1
7 0.469 1
6 0.47 1
6 0.471 1
40 0.472 1
6 0.473 1
5 0.474 1
41 0.475 1
7 0.476 1
6 0.477 1
6 0.478 1
40 0.479 1
6 0.48 1
5 0.481 1
41 0.482 1
7 0.483 1
6 0.484 1
6 0.485 1
40 0.486 1
6 0.487 1
5 0.488 1
41 0.489 1
7 0.49 1
6 0.491 1
6 0.492 1
40 0.493 1
6 0.494 1
5 0.495 1
41 0.496 1
7 0.497 1
6 0.498 1
6 0.499 1
40 0.5 1
6 0.501 1
5 0.502 1
41 0.503 1
7 0.504 1
6 0.505 1
6 0.506 1
9 0.507 1
9 0.508 1
1 0.509 1
2 0.51 1
1 0.511 1
15 0.512 1
3 0.365 1
3 0.363 1
16 0.117 1
1 0.114 1
3 0.11 1
2 0.11 1
9 0.102 1
9 0.102 1
1 0.102 1
2 0.102 1
1 0.084 1
1 0.084 1
3 0.082 1
2 0.082 1
