(6, 5, 2, 6, 7, 6, 5) 0.051 1
2 0.052 1
6 0.053 1
7 0.054 1
6 0.055 1
5 0.056 1
2 0.057 1
6 0.058 1
7 0.059 1
6 0.06 1
5 0.061 1
2 0.062 1
6 0.063 1
7 0.064 1
6 0.065 1
5 0.066 1
2 0.067 1
6 0.068 1
7 0.069 1
6 0.07 1
5 0.071 1
2 0.072 1
6 0.073 1
7 0.074 1
6 0.075 1
5 0.076 1
2 0.077 1
6 0.078 1
7 0.079 1
6 0.08 1
14 0.081 1
3 0.082 1
3 0.083 1
3 0.084 1
3 0.085 1
3 0.086 1
6 0.087 1
7 0.088 1
6 0.089 1
5 0.09 1
2 0.091 1
6 0.092 1
7 0.093 1
6 0.094 1
1 0.095 1
3 0.096 1
2 0.097 1
1 0.098 1
3 0.099 1
3 0.1 1
