(6, 7, 6, 5, 2, 6, 7) 0.05 1
1 0.051 1
1 0.052 1
6 0.053 1
5 0.054 1
2 0.055 1
6 0.056 1
7 0.057 1
6 0.058 1
5 0.059 1
2 0.06 1
25 0.061 1
6 0.062 1
7 0.063 1
6 0.064 1
5 0.065 1
2 0.066 1
6 0.067 1
7 0.068 1
6 0.069 1
5 0.07 1
2 0.071 1
6 0.072 1
7 0.073 1
6 0.074 1
5 0.075 1
2 0.076 1
25 0.077 1
6 0.078 1
7 0.079 1
6 0.08 1
5 0.081 1
2 0.082 1
6 0.083 1
7 0.084 1
6 0.085 1
5 0.086 1
2 0.087 1
6 0.088 1
7 0.089 1
6 0.09 1
5 0.091 1
2 0.092 1
25 0.093 1
6 0.094 1
7 0.095 1
6 0.096 1
5 0.097 1
2 0.098 1
6 0.099 1
7 0.1 1
6 0.101 1
5 0.102 1
2 0.103 1
6 0.104 1
7 0.105 1
6 0.106 1
5 0.107 1
2 0.108 1
25 0.109 1
6 0.11 1
7 0.111 1
6 0.112 1
5 0.113 1
2 0.114 1
6 0.115 1
7 0.116 1
6 0.117 1
5 0.118 1
2 0.119 1
6 0.12 1
7 0.121 1
6 0.122 1
5 0.123 1
2 0.124 1
25 0.125 1
6 0.126 1
7 0.127 1
6 0.128 1
5 0.129 1
2 0.13 1
6 0.131 1
7 0.132 1
6 0.133 1
5 0.134 1
2 0.135 1
6 0.136 1
7 0.137 1
6 0.138 1
1 0.139 1
1 0.14 1
5 0.141 1
2 0.142 1
6 0.143 1
7 0.144 1
6 0.145 1
5 0.146 1
2 0.147 1
6 0.148 1
7 0.149 1
6 0.15 1
5 0.151 1
2 0.152 1
6 0.153 1
7 0.154 1
6 0.155 1
5 0.156 1
2 0.157 1
6 0.158 1
7 0.159 1
6 0.16 1
5 0.161 1
2 0.162 1
6 0.163 1
7 0.164 1
6 0.165 1
9 0.166 1
9 0.167 1
2 0.168 1
1 0.169 1
3 0.169 0
3 0.169 0
3 0.17 1
3 0.17 0
3 0.171 1
14 0.171 0
14 0.171 0
3 0.171 0
3 0.171 0
3 0.171 0
3 0.171 0
3 0.171 0
14 0.171 0
14 0.171 0
3 0.171 0
4 0.171 0
3 0.171 0
3 0.171 0
3 0.171 0
3 0.171 0
37 0.172 1
6 0.173 1
5 0.174 1
38 0.175 1
7 0.176 1
6 0.177 1
6 0.178 1
37 0.179 1
6 0.18 1
5 0.181 1
38 0.182 1
7 0.183 1
6 0.184 1
6 0.185 1
37 0.186 1
6 0.187 1
5 0.188 1
38 0.189 1
7 0.19 1
6 0.191 1
6 0.192 1
37 0.193 1
6 0.194 1
5 0.195 1
38 0.196 1
7 0.197 1
6 0.198 1
6 0.199 1
37 0.2 1
6 0.201 1
5 0.202 1
38 0.203 1
7 0.204 1
6 0.205 1
6 0.206 1
37 0.207 1
6 0.208 1
5 0.209 1
38 0.21 1
7 0.211 1
6 0.212 1
6 0.213 1
37 0.214 1
6 0.215 1
5 0.216 1
38 0.217 1
7 0.218 1
6 0.219 1
6 0.22 1
37 0.221 1
6 0.222 1
5 0.223 1
38 0.224 1
7 0.225 1
6 0.226 1
6 0.227 1
37 0.228 1
6 0.229 1
5 0.23 1
38 0.231 1
7 0.232 1
6 0.233 1
6 0.234 1
37 0.235 1
6 0.236 1
5 0.237 1
38 0.238 1
7 0.239 1
6 0.24 1
6 0.241 1
37 0.242 1
6 0.243 1
5 0.244 1
38 0.245 1
7 0.246 1
6 0.247 1
6 0.248 1
37 0.249 1
6 0.25 1
5 0.251 1
38 0.252 1
7 0.253 1
6 0.254 1
6 0.255 1
37 0.256 1
6 0.257 1
5 0.258 1
38 0.259 1
7 0.26 1
6 0.261 1
6 0.262 1
37 0.263 1
6 0.264 1
5 0.265 1
38 0.266 1
7 0.267 1
6 0.268 1
6 0.269 1
37 0.27 1
6 0.271 1
5 0.272 1
38 0.273 1
7 0.274 1
6 0.275 1
6 0.276 1
37 0.277 1
6 0.278 1
5 0.279 1
38 0.28 1
7 0.281 1
6 0.282 1
6 0.283 1
37 0.284 1
6 0.285 1
5 0.286 1
38 0.287 1
7 0.288 1
6 0.289 1
6 0.29 1
37 0.291 1
6 0.292 1
5 0.293 1
38 0.294 1
7 0.295 1
6 0.296 1
6 0.297 1
37 0.298 1
6 0.299 1
5 0.3 1
38 0.301 1
7 0.302 1
6 0.303 1
6 0.304 1
37 0.305 1
6 0.306 1
5 0.307 1
38 0.308 1
7 0.309 1
6 0.31 1
6 0.311 1
37 0.312 1
6 0.313 1
5 0.314 1
38 0.315 1
7 0.316 1
6 0.317 1
6 0.318 1
37 0.319 1
6 0.32 1
5 0.321 1
38 0.322 1
7 0.323 1
6 0.324 1
6 0.325 1
37 0.326 1
6 0.327 1
5 0.328 1
38 0.329 1
7 0.33 1
6 0.331 1
6 0.332 1
37 0.333 1
6 0.334 1
5 0.335 1
38 0.336 1
7 0.337 1
6 0.338 1
6 0.339 1
37 0.34 1
6 0.341 1
5 0.342 1
38 0.343 1
7 0.344 1
6 0.345 1
6 0.346 1
37 0.347 1
6 0.348 1
5 0.349 1
38 0.35 1
7 0.351 1
6 0.352 1
6 0.353 1
37 0.354 1
6 0.355 1
5 0.356 1
38 0.357 1
14 0.358 1
3 0.358 0
3 0.358 0
3 0.359 1
3 0.359 0
3 0.36 1
3 0.36 0
3 0.36 0
3 0.361 1
3 0.361 0
3 0.362 1
3 0.362 0
3 0.362 0
3 0.363 1
3 0.363 0
3 0.363 0
3 0.363 0
3 0.363 0
3 0.363 0
3 0.363 0
3 0.363 0
3 0.363 0
3 0.363 0
3 0.363 0
3 0.363 0
3 0.363 0
3 0.363 0
3 0.363 0
3 0.363 0
38 0.364 1
7 0.365 1
6 0.366 1
6 0.367 1
37 0.368 1
6 0.369 1
5 0.37 1
38 0.371 1
7 0.372 1
6 0.373 1
6 0.374 1
37 0.375 1
6 0.376 1
5 0.377 1
38 0.378 1
7 0.379 1
6 0.38 1
6 0.381 1
37 0.382 1
6 0.383 1
5 0.384 1
38 0.385 1
7 0.386 1
6 0.387 1
6 0.388 1
37 0.389 1
6 0.39 1
5 0.391 1
38 0.392 1
7 0.393 1
6 0.394 1
6 0.395 1
37 0.396 1
6 0.397 1
5 0.398 1
38 0.399 1
7 0.4 1
6 0.401 1
6 0.402 1
37 0.403 1
6 0.404 1
5 0.405 1
38 0.406 1
7 0.407 1
6 0.408 1
6 0.409 1
37 0.41 1
6 0.411 1
5 0.412 1
38 0.413 1
7 0.414 1
6 0.415 1
6 0.416 1
1 0.417 1
2 0.418 1
1 0.419 1
3 0.419 0
4 0.419 0
17 0.419 0
9 0.42 1
10 0.421 1
18 0.422 1
2 0.423 1
19 0.424 1
18 0.424 0
17 0.424 0
17 0.424 0
17 0.424 0
3 0.424 0
3 0.425 1
3 0.425 0
3 0.426 1
2 0.427 1
1 0.427 0
3 0.427 0
4 0.427 0
3 0.427 0
3 0.427 0
3 0.427 0
3 0.427 0
2 0.427 0
1 0.427 0
3 0.427 0
4 0.427 0
17 0.427 0
10 0.427 0
18 0.427 0
2 0.427 0
19 0.427 0
18 0.427 0
17 0.427 0
17 0.427 0
17 0.427 0
3 0.427 0
3 0.427 0
3 0.427 0
3 0.427 0
2 0.427 0
1 0.427 0
15 0.427 0
3 0.427 0
4 0.427 0
3 0.427 0
3 0.427 0
3 0.427 0
3 0.427 0
4 0.427 0
3 0.427 0
4 0.427 0
3 0.427 0
3 0.427 0
3 0.427 0
3 0.427 0
2 0.427 0
1 0.427 0
3 0.427 0
17 0.427 0
10 0.427 0
18 0.427 0
2 0.427 0
19 0.427 0
18 0.427 0
17 0.427 0
17 0.427 0
17 0.427 0
3 0.427 0
3 0.427 0
3 0.427 0
3 0.427 0
3 0.427 0
17 0.427 0
10 0.427 0
18 0.427 0
2 0.427 0
19 0.427 0
18 0.427 0
17 0.427 0
17 0.427 0
17 0.427 0
3 0.427 0
3 0.427 0
3 0.427 0
3 0.427 0
3 0.427 0
17 0.427 0
10 0.427 0
18 0.427 0
2 0.427 0
19 0.427 0
18 0.427 0
17 0.427 0
17 0.427 0
17 0.427 0
3 0.427 0
3 0.427 0
3 0.427 0
3 0.427 0
3 0.427 0
17 0.427 0
10 0.427 0
18 0.427 0
2 0.427 0
19 0.427 0
18 0.427 0
17 0.427 0
17 0.427 0
17 0.427 0
3 0.427 0
3 0.427 0
3 0.427 0
3 0.427 0
3 0.427 0
17 0.427 0
10 0.427 0
18 0.427 0
2 0.427 0
19 0.427 0
18 0.427 0
17 0.427 0
17 0.427 0
17 0.427 0
3 0.427 0
3 0.427 0
3 0.427 0
3 0.427 0
3 0.427 0
17 0.427 0
10 0.427 0
18 0.427 0
2 0.427 0
19 0.427 0
18 0.427 0
17 0.427 0
17 0.427 0
17 0.427 0
3 0.427 0
3 0.427 0
3 0.427 0
3 0.427 0
3 0.427 0
17 0.427 0
10 0.427 0
18 0.427 0
2 0.427 0
19 0.427 0
18 0.427 0
17 0.427 0
17 0.427 0
17 0.427 0
3 0.427 0
3 0.427 0
3 0.427 0
3 0.427 0
3 0.427 0
17 0.427 0
10 0.427 0
18 0.427 0
2 0.427 0
19 0.427 0
18 0.427 0
17 0.427 0
17 0.427 0
17 0.427 0
3 0.427 0
3 0.427 0
3 0.427 0
3 0.427 0
3 0.427 0
17 0.427 0
10 0.427 0
18 0.427 0
2 0.427 0
19 0.427 0
18 0.427 0
17 0.427 0
17 0.427 0
17 0.427 0
3 0.427 0
3 0.427 0
3 0.427 0
3 0.427 0
3 0.427 0
17 0.427 0
10 0.427 0
18 0.427 0
2 0.427 0
19 0.427 0
18 0.427 0
17 0.427 0
17 0.427 0
17 0.427 0
3 0.427 0
3 0.427 0
3 0.427 0
3 0.427 0
3 0.427 0
17 0.427 0
10 0.427 0
18 0.427 0
2 0.427 0
19 0.427 0
18 0.427 0
17 0.427 0
17 0.427 0
17 0.427 0
3 0.427 0
3 0.427 0
3 0.427 0
3 0.427 0
3 0.427 0
17 0.427 0
10 0.427 0
18 0.427 0
2 0.427 0
19 0.427 0
18 0.427 0
17 0.427 0
17 0.427 0
17 0.427 0
3 0.427 0
3 0.427 0
3 0.427 0
3 0.427 0
3 0.427 0
17 0.427 0
10 0.427 0
18 0.427 0
2 0.427 0
19 0.427 0
18 0.427 0
17 0.427 0
17 0.427 0
17 0.427 0
3 0.427 0
3 0.427 0
3 0.427 0
3 0.427 0
3 0.427 0
17 0.427 0
10 0.427 0
18 0.427 0
2 0.427 0
19 0.427 0
18 0.427 0
17 0.427 0
17 0.427 0
17 0.427 0
3 0.427 0
3 0.427 0
3 0.427 0
3 0.427 0
3 0.427 0
17 0.427 0
10 0.427 0
18 0.427 0
2 0.427 0
19 0.427 0
18 0.427 0
17 0.427 0
17 0.427 0
17 0.427 0
3 0.427 0
3 0.427 0
3 0.427 0
3 0.427 0
3 0.427 0
17 0.427 0
10 0.427 0
18 0.427 0
2 0.427 0
19 0.427 0
18 0.427 0
17 0.427 0
17 0.427 0
17 0.427 0
3 0.427 0
3 0.427 0
3 0.427 0
3 0.427 0
3 0.427 0
17 0.427 0
10 0.427 0
18 0.427 0
2 0.427 0
19 0.427 0
18 0.427 0
1 0.427 0
1 0.427 0
17 0.427 0
17 0.427 0
17 0.427 0
3 0.427 0
3 0.427 0
3 0.427 0
3 0.427 0
3 0.427 0
17 0.427 0
10 0.427 0
18 0.427 0
2 0.427 0
19 0.427 0
18 0.427 0
17 0.427 0
17 0.427 0
17 0.427 0
3 0.427 0
3 0.427 0
3 0.427 0
3 0.427 0
3 0.427 0
17 0.427 0
10 0.427 0
18 0.427 0
2 0.427 0
19 0.427 0
18 0.427 0
17 0.427 0
17 0.427 0
17 0.427 0
3 0.427 0
3 0.427 0
3 0.427 0
3 0.427 0
3 0.427 0
17 0.427 0
10 0.427 0
18 0.427 0
2 0.427 0
19 0.427 0
18 0.427 0
17 0.427 0
17 0.427 0
17 0.427 0
3 0.427 0
3 0.427 0
3 0.427 0
3 0.427 0
3 0.427 0
17 0.427 0
10 0.427 0
18 0.427 0
2 0.427 0
19 0.427 0
18 0.427 0
17 0.427 0
17 0.427 0
17 0.427 0
3 0.427 0
3 0.427 0
3 0.427 0
3 0.427 0
3 0.427 0
17 0.427 0
10 0.427 0
18 0.427 0
2 0.427 0
19 0.427 0
18 0.427 0
17 0.427 0
17 0.427 0
17 0.427 0
3 0.427 0
3 0.427 0
3 0.427 0
3 0.427 0
3 0.427 0
17 0.427 0
10 0.427 0
18 0.427 0
2 0.427 0
19 0.427 0
18 0.427 0
17 0.427 0
17 0.427 0
17 0.427 0
3 0.427 0
3 0.427 0
3 0.427 0
3 0.427 0
3 0.427 0
17 0.427 0
10 0.427 0
18 0.427 0
2 0.427 0
19 0.427 0
18 0.427 0
17 0.427 0
17 0.427 0
17 0.427 0
3 0.427 0
3 0.427 0
3 0.427 0
3 0.427 0
3 0.427 0
17 0.427 0
10 0.427 0
18 0.427 0
2 0.427 0
19 0.427 0
18 0.427 0
17 0.427 0
17 0.427 0
17 0.427 0
3 0.427 0
3 0.427 0
3 0.427 0
3 0.427 0
3 0.427 0
17 0.427 0
10 0.427 0
18 0.427 0
2 0.427 0
19 0.427 0
18 0.427 0
17 0.427 0
17 0.427 0
17 0.427 0
3 0.427 0
3 0.427 0
3 0.427 0
3 0.427 0
3 0.427 0
17 0.427 0
10 0.427 0
18 0.427 0
2 0.427 0
19 0.427 0
18 0.427 0
17 0.427 0
17 0.427 0
17 0.427 0
3 0.427 0
3 0.427 0
3 0.427 0
3 0.427 0
3 0.427 0
17 0.427 0
10 0.427 0
18 0.427 0
2 0.427 0
19 0.427 0
18 0.427 0
17 0.427 0
17 0.427 0
17 0.427 0
3 0.427 0
3 0.427 0
3 0.427 0
3 0.427 0
3 0.427 0
17 0.427 0
10 0.427 0
18 0.427 0
2 0.427 0
19 0.427 0
18 0.427 0
17 0.427 0
17 0.427 0
17 0.427 0
3 0.427 0
3 0.427 0
3 0.427 0
3 0.427 0
3 0.427 0
17 0.427 0
10 0.427 0
18 0.427 0
2 0.427 0
19 0.427 0
18 0.427 0
17 0.427 0
17 0.427 0
17 0.427 0
3 0.427 0
3 0.427 0
3 0.427 0
3 0.427 0
3 0.427 0
4 0.427 0
17 0.427 0
10 0.427 0
18 0.427 0
2 0.427 0
19 0.427 0
18 0.427 0
17 0.427 0
17 0.427 0
17 0.427 0
3 0.427 0
3 0.427 0
3 0.427 0
3 0.427 0
2 0.427 0
1 0.427 0
3 0.427 0
3 0.427 0
3 0.427 0
3 0.427 0
3 0.427 0
3 0.427 0
3 0.427 0
3 0.427 0
3 0.427 0
3 0.427 0
3 0.427 0
3 0.427 0
3 0.427 0
3 0.427 0
3 0.427 0
3 0.427 0
3 0.427 0
3 0.427 0
3 0.427 0
3 0.427 0
3 0.427 0
3 0.427 0
3 0.427 0
3 0.427 0
3 0.427 0
3 0.427 0
3 0.427 0
3 0.427 0
3 0.427 0
3 0.427 0
3 0.427 0
3 0.427 0
3 0.427 0
3 0.427 0
3 0.427 0
3 0.427 0
3 0.427 0
3 0.427 0
3 0.427 0
3 0.427 0
3 0.427 0
3 0.427 0
3 0.426 0
3 0.425 0
3 0.424 0
3 0.423 0
3 0.422 0
3 0.421 0
3 0.42 0
3 0.419 0
3 0.418 0
3 0.417 0
3 0.416 0
3 0.415 0
3 0.414 0
3 0.413 0
3 0.412 0
3 0.411 0
3 0.41 0
3 0.409 0
3 0.408 0
3 0.407 0
3 0.406 0
3 0.405 0
3 0.404 0
3 0.403 0
3 0.402 0
3 0.401 0
3 0.4 0
3 0.399 0
3 0.398 0
3 0.397 0
3 0.396 0
3 0.395 0
3 0.394 0
3 0.393 0
3 0.392 0
3 0.391 0
3 0.39 0
3 0.389 0
3 0.388 0
3 0.387 0
3 0.386 0
3 0.385 0
3 0.384 0
3 0.383 0
3 0.382 0
3 0.381 0
3 0.38 0
3 0.379 0
3 0.378 0
3 0.377 0
3 0.376 0
3 0.375 0
3 0.374 0
3 0.373 0
3 0.372 0
3 0.371 0
3 0.37 0
3 0.369 0
3 0.368 0
3 0.367 0
3 0.366 0
3 0.365 0
3 0.364 0
3 0.363 0
3 0.362 0
3 0.361 0
3 0.36 0
3 0.359 0
3 0.358 0
3 0.357 0
3 0.356 0
3 0.355 0
3 0.354 0
3 0.353 0
3 0.352 0
3 0.351 0
3 0.35 0
3 0.349 0
3 0.348 0
3 0.347 0
3 0.346 0
3 0.345 0
3 0.344 0
3 0.343 0
3 0.342 0
3 0.341 0
3 0.34 0
3 0.339 0
3 0.338 0
3 0.337 0
3 0.336 0
3 0.335 0
3 0.334 0
3 0.333 0
3 0.332 0
3 0.331 0
3 0.33 0
3 0.329 0
3 0.328 0
3 0.327 0
3 0.326 0
3 0.325 0
3 0.324 0
3 0.323 0
3 0.322 0
3 0.321 0
3 0.32 0
3 0.319 0
3 0.318 0
3 0.317 0
3 0.316 0
3 0.315 0
3 0.314 0
3 0.313 0
3 0.312 0
3 0.311 0
3 0.31 0
3 0.309 0
3 0.308 0
3 0.307 0
3 0.306 0
3 0.305 0
4 0.304 0
17 0.303 0
10 0.302 0
18 0.301 0
2 0.3 0
19 0.299 0
18 0.298 0
17 0.297 0
17 0.296 0
17 0.295 0
3 0.294 0
3 0.293 0
3 0.292 0
3 0.291 0
2 0.29 0
1 0.289 0
3 0.288 0
3 0.287 0
3 0.286 0
3 0.285 0
3 0.284 0
3 0.283 0
17 0.282 0
10 0.281 0
18 0.28 0
2 0.279 0
19 0.278 0
18 0.277 0
17 0.276 0
17 0.275 0
17 0.274 0
3 0.273 0
3 0.272 0
3 0.271 0
3 0.27 0
3 0.269 0
17 0.268 0
10 0.267 0
18 0.266 0
2 0.265 0
19 0.264 0
18 0.263 0
17 0.262 0
17 0.261 0
17 0.26 0
3 0.259 0
3 0.258 0
3 0.258 0
3 0.258 0
3 0.257 0
17 0.257 0
10 0.256 0
18 0.256 0
2 0.256 0
19 0.256 0
18 0.256 0
17 0.256 0
17 0.256 0
17 0.256 0
3 0.256 0
3 0.256 0
3 0.256 0
3 0.256 0
3 0.256 0
17 0.256 0
10 0.256 0
18 0.256 0
2 0.255 0
19 0.254 0
18 0.253 0
17 0.252 0
17 0.251 0
17 0.25 0
3 0.249 0
3 0.248 0
3 0.247 0
3 0.246 0
3 0.245 0
17 0.244 0
10 0.243 0
18 0.242 0
2 0.241 0
19 0.24 0
18 0.239 0
17 0.238 0
17 0.237 0
17 0.236 0
3 0.235 0
3 0.234 0
3 0.233 0
3 0.232 0
3 0.231 0
17 0.23 0
10 0.229 0
18 0.228 0
2 0.227 0
19 0.226 0
18 0.225 0
17 0.224 0
17 0.223 0
17 0.222 0
3 0.221 0
3 0.22 0
3 0.219 0
3 0.218 0
3 0.217 0
17 0.216 0
10 0.215 0
18 0.214 0
2 0.213 0
19 0.212 0
18 0.211 0
17 0.21 0
17 0.209 0
17 0.208 0
3 0.207 0
3 0.206 0
3 0.205 0
3 0.204 0
3 0.203 0
17 0.202 0
10 0.201 0
18 0.2 0
2 0.199 0
19 0.198 0
18 0.197 0
17 0.196 0
17 0.195 0
17 0.194 0
3 0.193 0
3 0.192 0
3 0.191 0
3 0.19 0
3 0.189 0
17 0.188 0
10 0.187 0
18 0.186 0
2 0.185 0
19 0.184 0
18 0.183 0
17 0.182 0
17 0.181 0
17 0.18 0
3 0.179 0
3 0.178 0
3 0.177 0
3 0.176 0
3 0.175 0
17 0.174 0
10 0.173 0
18 0.172 0
2 0.171 0
19 0.17 0
18 0.169 0
17 0.168 0
17 0.167 0
17 0.166 0
3 0.165 0
3 0.164 0
3 0.163 0
3 0.162 0
3 0.161 0
17 0.16 0
10 0.159 0
18 0.158 0
2 0.157 0
19 0.156 0
18 0.155 0
17 0.154 0
17 0.153 0
17 0.152 0
3 0.151 0
3 0.15 0
3 0.149 0
3 0.148 0
3 0.147 0
17 0.146 0
10 0.145 0
18 0.144 0
2 0.143 0
19 0.142 0
18 0.141 0
17 0.14 0
17 0.139 0
17 0.138 0
3 0.137 0
3 0.136 0
3 0.135 0
3 0.134 0
3 0.133 0
17 0.132 0
10 0.131 0
18 0.13 0
2 0.129 0
19 0.128 0
18 0.127 0
17 0.126 0
17 0.125 0
17 0.124 0
3 0.123 0
3 0.122 0
3 0.121 0
3 0.12 0
3 0.119 0
17 0.118 0
10 0.117 0
18 0.116 0
2 0.115 0
19 0.114 0
18 0.113 0
17 0.112 0
17 0.111 0
17 0.11 0
3 0.109 0
3 0.108 0
3 0.107 0
3 0.106 0
3 0.105 0
17 0.104 0
10 0.103 0
18 0.102 0
2 0.101 0
19 0.1 0
18 0.099 0
17 0.098 0
17 0.097 0
17 0.096 0
3 0.095 0
3 0.094 0
3 0.093 0
3 0.092 0
3 0.091 0
17 0.09 0
1 0.089 0
1 0.088 0
1 0.087 0
10 0.086 0
18 0.085 0
2 0.084 0
19 0.083 0
18 0.082 0
17 0.081 0
17 0.08 0
17 0.079 0
3 0.078 0
3 0.077 0
3 0.076 0
3 0.075 0
3 0.074 0
17 0.073 0
10 0.072 0
18 0.071 0
2 0.07 0
19 0.069 0
18 0.069 0
17 0.069 0
17 0.068 0
17 0.068 0
3 0.067 0
3 0.067 0
3 0.067 0
3 0.066 0
3 0.066 0
17 0.065 0
10 0.065 0
18 0.065 0
2 0.064 0
19 0.064 0
18 0.064 0
17 0.064 0
17 0.064 0
17 0.064 0
3 0.064 0
3 0.064 0
3 0.064 0
3 0.064 0
3 0.064 0
17 0.064 0
10 0.064 0
18 0.064 0
2 0.064 0
19 0.064 0
18 0.063 0
17 0.062 0
17 0.061 0
17 0.06 0
3 0.059 0
3 0.058 0
3 0.057 0
3 0.056 0
3 0.055 0
17 0.054 0
10 0.053 0
18 0.052 0
2 0.051 0
19 0.05 0
