(38, 7, 6, 6, 37, 6, 5) 0.05 1
1 0.051 1
1 0.052 1
15 0.053 1
12 0.054 1
4 0.055 1
9 0.056 1
9 0.056 0
9 0.057 1
9 0.057 0
1 0.058 1
2 0.058 0
3 0.058 0
4 0.058 0
17 0.058 0
17 0.058 0
17 0.058 0
22 0.058 0
5 0.058 0
20 0.058 0
4 0.058 0
19 0.058 0
4 0.058 0
19 0.058 0
20 0.058 0
4 0.058 0
19 0.058 0
5 0.058 0
20 0.058 0
7 0.058 0
1 0.058 0
1 0.059 1
20 0.059 0
2 0.059 0
19 0.059 0
4 0.059 0
19 0.059 0
4 0.059 0
19 0.059 0
4 0.059 0
19 0.059 0
17 0.059 0
17 0.059 0
4 0.059 0
19 0.059 0
4 0.059 0
19 0.059 0
4 0.059 0
19 0.059 0
4 0.059 0
19 0.059 0
21 0.059 0
10 0.059 0
7 0.059 0
18 0.059 0
14 0.059 0
18 0.059 0
17 0.059 0
10 0.059 0
18 0.059 0
2 0.059 0
19 0.059 0
18 0.059 0
17 0.059 0
17 0.059 0
17 0.059 0
3 0.059 0
3 0.06 1
3 0.06 0
3 0.061 1
2 0.061 0
1 0.061 0
3 0.061 0
4 0.061 0
3 0.061 0
3 0.061 0
3 0.061 0
3 0.061 0
14 0.061 0
14 0.061 0
1 0.061 0
2 0.061 0
1 0.061 0
3 0.061 0
4 0.061 0
17 0.061 0
10 0.061 0
18 0.061 0
2 0.061 0
19 0.061 0
18 0.061 0
17 0.061 0
17 0.061 0
17 0.061 0
3 0.061 0
3 0.061 0
3 0.061 0
3 0.061 0
2 0.061 0
1 0.061 0
15 0.061 0
17 0.061 0
3 0.061 0
3 0.061 0
3 0.061 0
3 0.061 0
3 0.061 0
17 0.061 0
10 0.061 0
18 0.061 0
2 0.061 0
19 0.061 0
18 0.061 0
17 0.061 0
17 0.061 0
17 0.061 0
3 0.061 0
3 0.061 0
3 0.061 0
3 0.061 0
3 0.061 0
17 0.061 0
10 0.061 0
18 0.061 0
2 0.061 0
19 0.061 0
18 0.061 0
17 0.061 0
17 0.061 0
17 0.061 0
3 0.061 0
3 0.061 0
3 0.061 0
3 0.061 0
3 0.061 0
17 0.061 0
10 0.061 0
18 0.061 0
2 0.061 0
19 0.061 0
18 0.061 0
17 0.061 0
3 0.061 0
3 0.061 0
3 0.061 0
3 0.061 0
17 0.061 0
1 0.061 0
1 0.061 0
15 0.061 0
4 0.061 0
2 0.061 0
1 0.061 0
3 0.061 0
4 0.061 0
6 0.061 0
3 0.061 0
3 0.061 0
3 0.061 0
3 0.061 0
2 0.061 0
1 0.061 0
15 0.061 0
4 0.061 0
2 0.061 0
3 0.061 0
4 0.061 0
6 0.061 0
3 0.061 0
1 0.061 0
3 0.061 0
2 0.061 0
1 0.061 0
15 0.061 0
4 0.061 0
2 0.061 0
3 0.061 0
4 0.061 0
6 0.061 0
3 0.061 0
3 0.061 0
3 0.061 0
1 0.061 0
3 0.061 0
3 0.061 0
2 0.061 0
1 0.061 0
15 0.061 0
4 0.061 0
2 0.061 0
3 0.061 0
4 0.061 0
6 0.061 0
3 0.061 0
1 0.061 0
3 0.061 0
2 0.061 0
1 0.061 0
15 0.061 0
4 0.061 0
2 0.061 0
3 0.061 0
3 0.061 0
3 0.061 0
4 0.061 0
4 0.061 0
3 0.061 0
3 0.061 0
3 0.061 0
3 0.061 0
12 0.062 1
9 0.063 1
9 0.064 1
3 0.064 0
3 0.064 0
3 0.064 0
3 0.064 0
3 0.064 0
2 0.064 0
3 0.064 0
4 0.064 0
6 0.064 0
3 0.064 0
1 0.064 0
3 0.064 0
2 0.064 0
1 0.064 0
1 0.064 0
15 0.064 0
4 0.064 0
2 0.064 0
3 0.064 0
4 0.064 0
6 0.064 0
3 0.064 0
1 0.064 0
3 0.064 0
2 0.064 0
1 0.064 0
15 0.064 0
4 0.064 0
2 0.064 0
1 0.064 0
3 0.064 0
4 0.064 0
6 0.064 0
3 0.064 0
3 0.064 0
3 0.064 0
3 0.064 0
2 0.064 0
1 0.064 0
15 0.064 0
4 0.064 0
2 0.064 0
1 0.064 0
3 0.064 0
4 0.064 0
6 0.064 0
3 0.064 0
3 0.064 0
3 0.064 0
3 0.064 0
2 0.064 0
1 0.064 0
15 0.064 0
4 0.064 0
2 0.064 0
1 0.064 0
3 0.064 0
4 0.064 0
6 0.064 0
3 0.064 0
3 0.064 0
3 0.064 0
3 0.064 0
2 0.064 0
1 0.064 0
15 0.064 0
4 0.064 0
2 0.064 0
3 0.064 0
4 0.064 0
6 0.064 0
3 0.064 0
1 0.064 0
3 0.064 0
2 0.064 0
1 0.064 0
15 0.064 0
4 0.064 0
2 0.064 0
3 0.064 0
4 0.064 0
6 0.064 0
3 0.064 0
1 0.064 0
3 0.064 0
2 0.064 0
1 0.064 0
15 0.064 0
3 0.064 0
3 0.064 0
3 0.064 0
3 0.064 0
3 0.064 0
14 0.064 0
14 0.064 0
14 0.064 0
14 0.064 0
14 0.064 0
14 0.064 0
14 0.064 0
14 0.064 0
14 0.064 0
14 0.064 0
14 0.064 0
14 0.064 0
14 0.064 0
14 0.064 0
14 0.064 0
14 0.064 0
14 0.064 0
14 0.064 0
14 0.064 0
14 0.064 0
14 0.064 0
14 0.064 0
14 0.064 0
14 0.064 0
14 0.064 0
14 0.064 0
14 0.064 0
14 0.064 0
14 0.064 0
14 0.064 0
14 0.064 0
3 0.064 0
3 0.064 0
3 0.064 0
3 0.064 0
3 0.064 0
3 0.064 0
3 0.064 0
3 0.064 0
3 0.064 0
3 0.064 0
3 0.064 0
3 0.064 0
3 0.064 0
3 0.064 0
3 0.064 0
3 0.064 0
3 0.064 0
3 0.064 0
3 0.064 0
3 0.064 0
3 0.064 0
3 0.064 0
3 0.064 0
3 0.064 0
3 0.064 0
3 0.064 0
3 0.064 0
3 0.064 0
4 0.064 0
2 0.064 0
3 0.064 0
4 0.064 0
6 0.064 0
3 0.064 0
1 0.064 0
3 0.064 0
2 0.064 0
3 0.064 0
4 0.064 0
6 0.064 0
3 0.064 0
1 0.064 0
3 0.064 0
2 0.064 0
1 0.064 0
1 0.064 0
1 0.064 0
2 0.064 0
1 0.064 0
15 0.064 0
3 0.064 0
4 0.064 0
4 0.064 0
3 0.064 0
3 0.064 0
3 0.064 0
3 0.064 0
4 0.064 0
12 0.064 0
2 0.064 0
1 0.064 0
15 0.064 0
12 0.064 0
3 0.064 0
2 0.064 0
19 0.064 0
18 0.064 0
17 0.064 0
17 0.064 0
17 0.064 0
3 0.064 0
3 0.064 0
3 0.064 0
3 0.064 0
3 0.064 0
17 0.064 0
10 0.064 0
18 0.064 0
2 0.064 0
19 0.064 0
18 0.064 0
17 0.064 0
17 0.064 0
17 0.064 0
3 0.064 0
3 0.064 0
3 0.064 0
3 0.064 0
3 0.064 0
17 0.064 0
10 0.064 0
18 0.064 0
2 0.064 0
19 0.064 0
18 0.064 0
17 0.064 0
17 0.064 0
17 0.064 0
3 0.064 0
3 0.064 0
3 0.064 0
3 0.064 0
3 0.064 0
17 0.064 0
10 0.064 0
18 0.064 0
2 0.064 0
19 0.064 0
18 0.064 0
17 0.064 0
17 0.064 0
17 0.064 0
3 0.064 0
3 0.064 0
3 0.064 0
3 0.064 0
3 0.064 0
17 0.064 0
10 0.064 0
18 0.064 0
2 0.064 0
19 0.064 0
18 0.064 0
17 0.064 0
17 0.064 0
17 0.064 0
3 0.064 0
3 0.064 0
3 0.064 0
3 0.064 0
3 0.064 0
17 0.064 0
10 0.064 0
18 0.064 0
2 0.064 0
19 0.064 0
18 0.064 0
17 0.064 0
17 0.064 0
17 0.064 0
3 0.064 0
3 0.064 0
3 0.064 0
3 0.064 0
3 0.064 0
17 0.064 0
10 0.064 0
18 0.064 0
2 0.064 0
19 0.064 0
18 0.064 0
17 0.064 0
17 0.064 0
17 0.064 0
3 0.064 0
3 0.064 0
3 0.064 0
3 0.064 0
3 0.064 0
17 0.064 0
10 0.064 0
18 0.064 0
2 0.064 0
19 0.064 0
1 0.064 0
1 0.064 0
1 0.064 0
9 0.063 0
9 0.062 0
9 0.063 1
9 0.063 0
9 0.063 0
9 0.062 0
9 0.062 0
9 0.062 0
2 0.062 0
1 0.062 0
3 0.062 0
4 0.062 0
3 0.062 0
3 0.062 0
3 0.062 0
3 0.062 0
2 0.062 0
1 0.062 0
3 0.062 0
17 0.062 0
10 0.062 0
18 0.062 0
2 0.062 0
19 0.062 0
18 0.062 0
17 0.062 0
17 0.062 0
17 0.062 0
3 0.062 0
3 0.062 0
3 0.062 0
3 0.062 0
3 0.062 0
17 0.062 0
10 0.062 0
18 0.062 0
2 0.062 0
19 0.062 0
18 0.062 0
17 0.062 0
17 0.062 0
17 0.062 0
3 0.062 0
3 0.062 0
3 0.062 0
3 0.062 0
3 0.062 0
17 0.062 0
10 0.062 0
18 0.062 0
2 0.062 0
19 0.062 0
18 0.062 0
17 0.062 0
17 0.062 0
17 0.062 0
3 0.062 0
3 0.062 0
3 0.062 0
3 0.062 0
3 0.062 0
17 0.062 0
10 0.062 0
18 0.062 0
2 0.062 0
19 0.062 0
18 0.062 0
17 0.062 0
17 0.062 0
17 0.062 0
3 0.062 0
3 0.062 0
3 0.062 0
3 0.062 0
3 0.062 0
17 0.062 0
10 0.062 0
18 0.062 0
2 0.062 0
19 0.062 0
18 0.062 0
17 0.062 0
17 0.062 0
17 0.062 0
3 0.062 0
3 0.062 0
3 0.062 0
3 0.062 0
3 0.062 0
17 0.062 0
10 0.062 0
18 0.062 0
2 0.062 0
19 0.062 0
18 0.062 0
17 0.062 0
17 0.062 0
1 0.062 0
1 0.062 0
1 0.062 0
17 0.062 0
3 0.062 0
3 0.062 0
3 0.062 0
3 0.062 0
3 0.062 0
17 0.062 0
10 0.062 0
18 0.062 0
2 0.062 0
19 0.062 0
18 0.062 0
17 0.062 0
17 0.062 0
17 0.062 0
3 0.062 0
3 0.062 0
3 0.062 0
3 0.062 0
3 0.062 0
17 0.062 0
10 0.062 0
18 0.062 0
2 0.062 0
19 0.062 0
18 0.062 0
17 0.062 0
17 0.062 0
17 0.062 0
3 0.062 0
3 0.062 0
3 0.062 0
3 0.062 0
3 0.062 0
17 0.062 0
10 0.062 0
18 0.062 0
2 0.062 0
19 0.062 0
18 0.062 0
17 0.062 0
17 0.062 0
17 0.062 0
3 0.062 0
3 0.062 0
3 0.062 0
3 0.062 0
3 0.062 0
17 0.062 0
10 0.062 0
18 0.062 0
2 0.062 0
19 0.062 0
18 0.062 0
17 0.062 0
17 0.062 0
17 0.062 0
3 0.062 0
3 0.062 0
3 0.062 0
3 0.062 0
3 0.062 0
17 0.062 0
10 0.062 0
18 0.062 0
2 0.062 0
19 0.062 0
18 0.062 0
17 0.062 0
17 0.062 0
17 0.062 0
3 0.062 0
3 0.062 0
3 0.062 0
3 0.062 0
3 0.062 0
17 0.062 0
10 0.062 0
18 0.062 0
2 0.062 0
19 0.062 0
18 0.062 0
17 0.062 0
17 0.062 0
17 0.062 0
3 0.062 0
3 0.062 0
3 0.062 0
3 0.062 0
3 0.062 0
17 0.062 0
10 0.062 0
18 0.062 0
2 0.062 0
19 0.062 0
18 0.062 0
17 0.062 0
1 0.062 0
1 0.062 0
17 0.062 0
17 0.062 0
3 0.062 0
3 0.062 0
3 0.062 0
3 0.062 0
3 0.062 0
17 0.062 0
10 0.062 0
18 0.062 0
2 0.062 0
19 0.062 0
18 0.062 0
17 0.062 0
17 0.062 0
17 0.062 0
3 0.062 0
3 0.062 0
3 0.062 0
3 0.062 0
3 0.062 0
17 0.062 0
10 0.062 0
18 0.062 0
2 0.062 0
19 0.062 0
18 0.062 0
17 0.062 0
17 0.062 0
17 0.062 0
3 0.062 0
3 0.062 0
3 0.062 0
3 0.062 0
3 0.062 0
17 0.062 0
10 0.062 0
18 0.062 0
18 0.062 0
17 0.062 0
17 0.062 0
17 0.062 0
3 0.062 0
3 0.062 0
3 0.062 0
3 0.062 0
3 0.062 0
17 0.062 0
10 0.062 0
18 0.062 0
2 0.062 0
19 0.062 0
18 0.062 0
17 0.062 0
17 0.062 0
17 0.062 0
3 0.062 0
3 0.062 0
3 0.062 0
3 0.062 0
3 0.061 0
17 0.06 0
10 0.059 0
18 0.058 0
2 0.057 0
19 0.056 0
18 0.056 0
17 0.056 0
17 0.056 0
17 0.056 0
3 0.056 0
3 0.056 0
3 0.056 0
3 0.056 0
3 0.056 0
17 0.056 0
10 0.056 0
18 0.056 0
2 0.056 0
19 0.056 0
18 0.056 0
17 0.056 0
17 0.056 0
17 0.056 0
3 0.056 0
3 0.056 0
3 0.056 0
3 0.056 0
3 0.056 0
17 0.056 0
10 0.056 0
18 0.056 0
2 0.056 0
19 0.056 0
18 0.056 0
17 0.056 0
17 0.056 0
17 0.056 0
1 0.056 0
1 0.056 0
1 0.056 0
1 0.056 0
3 0.056 0
3 0.056 0
3 0.056 0
3 0.056 0
3 0.056 0
17 0.056 0
10 0.056 0
18 0.056 0
2 0.056 0
19 0.056 0
18 0.056 0
17 0.056 0
17 0.056 0
17 0.056 0
3 0.056 0
3 0.056 0
3 0.056 0
3 0.056 0
3 0.056 0
17 0.056 0
10 0.056 0
18 0.056 0
2 0.056 0
19 0.056 0
18 0.056 0
17 0.056 0
17 0.056 0
17 0.056 0
3 0.056 0
3 0.056 0
3 0.056 0
3 0.056 0
3 0.056 0
17 0.056 0
10 0.056 0
18 0.056 0
2 0.056 0
19 0.056 0
18 0.056 0
17 0.056 0
17 0.056 0
17 0.056 0
3 0.056 0
3 0.056 0
3 0.056 0
3 0.056 0
3 0.056 0
17 0.056 0
10 0.056 0
18 0.056 0
2 0.056 0
19 0.056 0
18 0.056 0
17 0.056 0
17 0.056 0
17 0.056 0
3 0.056 0
3 0.056 0
3 0.056 0
3 0.056 0
3 0.056 0
4 0.056 0
3 0.056 0
3 0.056 0
3 0.056 0
3 0.056 0
2 0.056 0
1 0.056 0
3 0.056 0
3 0.056 0
3 0.056 0
3 0.056 0
3 0.056 0
3 0.056 0
3 0.056 0
3 0.056 0
3 0.056 0
3 0.056 0
3 0.056 0
3 0.056 0
3 0.056 0
3 0.056 0
3 0.056 0
3 0.056 0
3 0.056 0
3 0.056 0
3 0.056 0
3 0.056 0
3 0.056 0
3 0.056 0
3 0.056 0
3 0.056 0
3 0.056 0
3 0.056 0
3 0.056 0
3 0.056 0
3 0.056 0
3 0.056 0
3 0.056 0
3 0.056 0
3 0.056 0
3 0.056 0
3 0.056 0
3 0.056 0
3 0.056 0
3 0.056 0
3 0.056 0
3 0.056 0
3 0.056 0
3 0.056 0
3 0.056 0
3 0.056 0
3 0.056 0
3 0.056 0
3 0.056 0
3 0.056 0
3 0.056 0
3 0.056 0
3 0.056 0
3 0.056 0
3 0.056 0
3 0.056 0
3 0.056 0
3 0.056 0
3 0.056 0
3 0.056 0
3 0.056 0
3 0.056 0
3 0.056 0
3 0.056 0
3 0.056 0
3 0.056 0
3 0.056 0
3 0.056 0
3 0.056 0
3 0.056 0
3 0.056 0
3 0.056 0
3 0.056 0
3 0.056 0
3 0.056 0
3 0.056 0
3 0.056 0
3 0.056 0
3 0.056 0
3 0.056 0
3 0.056 0
3 0.056 0
3 0.056 0
3 0.056 0
3 0.056 0
3 0.056 0
3 0.056 0
3 0.056 0
3 0.056 0
3 0.055 0
3 0.054 0
3 0.053 0
3 0.052 0
3 0.051 0
3 0.05 0
