(5, 2, 25, 6, 7, 6, 5) 0.05 1
3 0.05 0
3 0.051 1
14 0.052 1
14 0.053 1
14 0.054 1
14 0.055 1
14 0.056 1
14 0.056 0
14 0.056 0
14 0.056 0
14 0.056 0
14 0.056 0
14 0.056 0
14 0.056 0
14 0.056 0
14 0.056 0
14 0.056 0
14 0.056 0
14 0.056 0
14 0.056 0
14 0.056 0
14 0.056 0
14 0.056 0
14 0.056 0
14 0.056 0
14 0.056 0
14 0.056 0
14 0.056 0
14 0.056 0
14 0.056 0
14 0.056 0
14 0.056 0
3 0.056 0
3 0.056 0
3 0.056 0
3 0.056 0
3 0.056 0
3 0.056 0
3 0.056 0
3 0.056 0
14 0.056 0
14 0.056 0
3 0.056 0
3 0.056 0
3 0.056 0
3 0.056 0
3 0.056 0
3 0.056 0
3 0.056 0
3 0.056 0
3 0.056 0
3 0.056 0
3 0.056 0
3 0.056 0
3 0.056 0
3 0.056 0
3 0.056 0
3 0.056 0
3 0.056 0
3 0.056 0
3 0.056 0
3 0.056 0
3 0.056 0
3 0.056 0
3 0.056 0
3 0.056 0
3 0.056 0
3 0.056 0
3 0.056 0
3 0.056 0
3 0.056 0
3 0.056 0
3 0.056 0
3 0.056 0
3 0.056 0
3 0.056 0
3 0.056 0
3 0.056 0
3 0.056 0
3 0.056 0
3 0.056 0
3 0.056 0
3 0.056 0
3 0.056 0
3 0.056 0
3 0.056 0
3 0.056 0
3 0.056 0
3 0.056 0
3 0.056 0
3 0.056 0
3 0.056 0
3 0.056 0
3 0.056 0
3 0.056 0
3 0.056 0
3 0.056 0
3 0.056 0
3 0.056 0
3 0.056 0
19 0.056 0
18 0.056 0
17 0.056 0
17 0.056 0
17 0.056 0
3 0.056 0
3 0.056 0
3 0.056 0
3 0.056 0
3 0.056 0
17 0.056 0
10 0.056 0
18 0.056 0
2 0.056 0
19 0.056 0
18 0.056 0
17 0.056 0
17 0.056 0
17 0.056 0
3 0.056 0
3 0.056 0
3 0.056 0
3 0.056 0
3 0.056 0
17 0.056 0
10 0.056 0
18 0.056 0
2 0.056 0
19 0.056 0
18 0.056 0
17 0.056 0
17 0.056 0
17 0.056 0
3 0.056 0
3 0.056 0
3 0.056 0
3 0.056 0
3 0.056 0
17 0.056 0
10 0.056 0
18 0.056 0
2 0.056 0
19 0.056 0
18 0.056 0
17 0.056 0
17 0.056 0
17 0.056 0
3 0.056 0
3 0.056 0
3 0.056 0
3 0.056 0
3 0.056 0
17 0.056 0
10 0.056 0
18 0.056 0
2 0.056 0
19 0.056 0
18 0.056 0
17 0.056 0
17 0.056 0
17 0.056 0
3 0.056 0
3 0.056 0
3 0.056 0
3 0.056 0
3 0.056 0
17 0.056 0
10 0.056 0
18 0.056 0
2 0.056 0
19 0.056 0
18 0.056 0
17 0.056 0
17 0.056 0
17 0.056 0
3 0.056 0
3 0.056 0
3 0.056 0
3 0.056 0
3 0.056 0
17 0.056 0
10 0.056 0
18 0.056 0
2 0.056 0
19 0.056 0
18 0.056 0
17 0.056 0
17 0.056 0
17 0.056 0
3 0.056 0
3 0.056 0
3 0.056 0
3 0.056 0
3 0.056 0
17 0.056 0
10 0.056 0
18 0.056 0
2 0.056 0
19 0.056 0
18 0.056 0
14 0.056 0
14 0.056 0
4 0.056 0
1 0.056 0
2 0.056 0
1 0.056 0
15 0.056 0
3 0.056 0
4 0.056 0
3 0.056 0
3 0.056 0
3 0.056 0
3 0.056 0
4 0.056 0
3 0.056 0
4 0.056 0
17 0.056 0
10 0.056 0
18 0.056 0
2 0.056 0
19 0.056 0
18 0.056 0
17 0.056 0
17 0.056 0
17 0.056 0
3 0.056 0
3 0.056 0
3 0.056 0
3 0.056 0
2 0.056 0
1 0.056 0
3 0.056 0
4 0.056 0
3 0.056 0
3 0.056 0
3 0.056 0
3 0.056 0
2 0.056 0
1 0.056 0
9 0.056 0
9 0.056 0
3 0.056 0
3 0.056 0
3 0.056 0
3 0.056 0
3 0.056 0
3 0.056 0
3 0.056 0
3 0.056 0
3 0.056 0
3 0.056 0
3 0.056 0
3 0.056 0
3 0.056 0
3 0.056 0
17 0.056 0
10 0.056 0
18 0.056 0
2 0.056 0
19 0.056 0
18 0.056 0
17 0.056 0
17 0.056 0
17 0.056 0
3 0.056 0
3 0.056 0
3 0.056 0
3 0.056 0
3 0.056 0
17 0.056 0
10 0.056 0
18 0.056 0
2 0.056 0
19 0.056 0
18 0.056 0
17 0.056 0
17 0.056 0
17 0.056 0
3 0.056 0
3 0.056 0
3 0.056 0
3 0.056 0
3 0.056 0
17 0.056 0
10 0.056 0
18 0.056 0
2 0.056 0
19 0.056 0
18 0.056 0
17 0.056 0
17 0.056 0
17 0.056 0
3 0.056 0
3 0.056 0
3 0.056 0
3 0.056 0
3 0.056 0
17 0.056 0
10 0.056 0
18 0.056 0
1 0.056 0
1 0.056 0
1 0.056 0
1 0.056 0
2 0.056 0
1 0.056 0
3 0.056 0
4 0.056 0
17 0.056 0
10 0.056 0
18 0.056 0
2 0.056 0
19 0.056 0
18 0.056 0
17 0.056 0
17 0.056 0
17 0.056 0
3 0.056 0
3 0.056 0
3 0.056 0
3 0.056 0
2 0.056 0
1 0.056 0
15 0.056 0
3 0.056 0
4 0.056 0
3 0.056 0
3 0.056 0
3 0.056 0
3 0.056 0
3 0.056 0
4 0.056 0
3 0.056 0
3 0.056 0
3 0.056 0
3 0.056 0
2 0.056 0
19 0.056 0
18 0.056 0
17 0.056 0
17 0.056 0
17 0.056 0
3 0.056 0
3 0.056 0
3 0.056 0
3 0.056 0
3 0.056 0
17 0.056 0
10 0.056 0
18 0.056 0
2 0.056 0
19 0.056 0
18 0.056 0
17 0.056 0
17 0.056 0
17 0.056 0
3 0.056 0
3 0.056 0
3 0.056 0
3 0.056 0
3 0.056 0
17 0.056 0
10 0.056 0
18 0.056 0
2 0.056 0
19 0.056 0
18 0.056 0
17 0.056 0
17 0.056 0
17 0.056 0
3 0.056 0
3 0.056 0
3 0.056 0
3 0.056 0
3 0.056 0
17 0.056 0
10 0.056 0
18 0.056 0
2 0.056 0
19 0.056 0
18 0.056 0
17 0.056 0
17 0.056 0
17 0.056 0
3 0.056 0
3 0.056 0
3 0.056 0
3 0.056 0
3 0.056 0
17 0.056 0
10 0.056 0
18 0.056 0
2 0.056 0
19 0.056 0
18 0.056 0
17 0.056 0
17 0.056 0
17 0.056 0
3 0.056 0
3 0.056 0
3 0.056 0
3 0.056 0
3 0.056 0
17 0.056 0
10 0.056 0
18 0.056 0
2 0.056 0
19 0.056 0
18 0.056 0
17 0.056 0
17 0.056 0
1 0.056 0
17 0.056 0
3 0.056 0
3 0.056 0
3 0.056 0
3 0.056 0
3 0.056 0
17 0.056 0
10 0.056 0
18 0.056 0
2 0.056 0
19 0.056 0
18 0.056 0
17 0.056 0
17 0.056 0
17 0.056 0
3 0.056 0
3 0.056 0
3 0.056 0
3 0.056 0
3 0.056 0
17 0.056 0
10 0.056 0
18 0.056 0
2 0.056 0
19 0.056 0
18 0.056 0
17 0.056 0
17 0.056 0
17 0.056 0
3 0.056 0
3 0.056 0
3 0.056 0
3 0.056 0
3 0.056 0
17 0.056 0
10 0.056 0
18 0.056 0
2 0.056 0
19 0.056 0
18 0.056 0
17 0.056 0
17 0.056 0
17 0.056 0
3 0.056 0
3 0.056 0
3 0.056 0
3 0.056 0
3 0.056 0
17 0.056 0
10 0.056 0
18 0.056 0
2 0.056 0
19 0.056 0
18 0.056 0
17 0.056 0
17 0.056 0
17 0.056 0
3 0.056 0
3 0.056 0
3 0.056 0
3 0.056 0
3 0.056 0
17 0.056 0
10 0.056 0
18 0.056 0
2 0.056 0
19 0.056 0
18 0.056 0
17 0.056 0
17 0.056 0
17 0.056 0
3 0.056 0
3 0.056 0
3 0.056 0
3 0.056 0
3 0.056 0
17 0.056 0
10 0.056 0
18 0.056 0
2 0.056 0
19 0.056 0
18 0.056 0
17 0.056 0
17 0.056 0
17 0.056 0
3 0.056 0
3 0.056 0
3 0.056 0
3 0.056 0
3 0.056 0
17 0.056 0
10 0.056 0
18 0.056 0
2 0.056 0
19 0.056 0
18 0.056 0
17 0.056 0
17 0.056 0
17 0.056 0
3 0.056 0
3 0.056 0
3 0.056 0
3 0.056 0
3 0.056 0
17 0.056 0
10 0.056 0
18 0.056 0
2 0.056 0
19 0.056 0
18 0.056 0
17 0.056 0
17 0.056 0
17 0.056 0
3 0.056 0
3 0.056 0
3 0.056 0
3 0.056 0
3 0.056 0
17 0.056 0
10 0.056 0
18 0.056 0
2 0.056 0
19 0.056 0
18 0.056 0
17 0.056 0
17 0.056 0
17 0.056 0
3 0.056 0
3 0.056 0
3 0.056 0
3 0.056 0
1 0.056 0
3 0.056 0
17 0.056 0
10 0.056 0
18 0.056 0
2 0.056 0
19 0.056 0
18 0.056 0
17 0.056 0
17 0.056 0
17 0.056 0
3 0.056 0
3 0.056 0
3 0.056 0
3 0.056 0
3 0.056 0
17 0.056 0
10 0.056 0
18 0.056 0
2 0.056 0
19 0.056 0
18 0.056 0
17 0.056 0
17 0.056 0
17 0.056 0
3 0.056 0
3 0.056 0
3 0.056 0
3 0.056 0
3 0.056 0
17 0.056 0
10 0.056 0
18 0.056 0
2 0.056 0
19 0.056 0
18 0.056 0
17 0.056 0
17 0.056 0
17 0.056 0
3 0.056 0
3 0.056 0
3 0.056 0
3 0.056 0
3 0.056 0
17 0.056 0
10 0.056 0
18 0.056 0
2 0.056 0
19 0.056 0
18 0.056 0
17 0.056 0
17 0.056 0
17 0.056 0
3 0.056 0
3 0.056 0
3 0.056 0
3 0.056 0
1 0.056 0
3 0.056 0
17 0.056 0
10 0.056 0
18 0.056 0
2 0.056 0
19 0.056 0
18 0.056 0
17 0.056 0
17 0.056 0
17 0.056 0
3 0.056 0
3 0.056 0
3 0.056 0
3 0.056 0
3 0.056 0
17 0.056 0
10 0.056 0
18 0.056 0
2 0.056 0
19 0.056 0
18 0.056 0
17 0.056 0
17 0.056 0
17 0.056 0
3 0.056 0
3 0.056 0
3 0.056 0
3 0.056 0
3 0.056 0
17 0.056 0
10 0.056 0
18 0.056 0
2 0.056 0
19 0.056 0
18 0.056 0
17 0.056 0
17 0.056 0
17 0.056 0
3 0.056 0
3 0.056 0
3 0.056 0
3 0.056 0
3 0.056 0
17 0.056 0
10 0.056 0
18 0.056 0
2 0.056 0
19 0.056 0
18 0.056 0
17 0.056 0
17 0.056 0
17 0.056 0
3 0.056 0
3 0.056 0
3 0.056 0
3 0.056 0
3 0.056 0
17 0.056 0
10 0.056 0
18 0.056 0
2 0.056 0
19 0.056 0
18 0.056 0
17 0.056 0
17 0.056 0
17 0.056 0
3 0.056 0
3 0.056 0
3 0.056 0
3 0.056 0
3 0.056 0
17 0.056 0
10 0.056 0
18 0.056 0
2 0.056 0
19 0.056 0
18 0.056 0
17 0.056 0
17 0.056 0
17 0.056 0
3 0.056 0
3 0.056 0
3 0.056 0
3 0.056 0
3 0.056 0
17 0.056 0
10 0.056 0
18 0.056 0
2 0.056 0
19 0.056 0
18 0.056 0
17 0.056 0
17 0.056 0
17 0.056 0
3 0.056 0
3 0.056 0
3 0.056 0
3 0.056 0
3 0.056 0
17 0.056 0
10 0.056 0
18 0.056 0
2 0.056 0
19 0.056 0
18 0.056 0
17 0.056 0
17 0.056 0
17 0.056 0
3 0.056 0
3 0.056 0
3 0.056 0
3 0.056 0
3 0.056 0
4 0.056 0
17 0.056 0
10 0.056 0
18 0.056 0
2 0.056 0
19 0.056 0
18 0.056 0
17 0.056 0
17 0.056 0
17 0.056 0
3 0.056 0
3 0.056 0
3 0.056 0
3 0.056 0
2 0.056 0
1 0.056 0
3 0.056 0
3 0.056 0
3 0.056 0
3 0.056 0
3 0.056 0
3 0.056 0
3 0.056 0
3 0.056 0
3 0.056 0
3 0.056 0
3 0.056 0
3 0.056 0
3 0.056 0
3 0.056 0
3 0.056 0
3 0.056 0
3 0.056 0
3 0.056 0
3 0.056 0
3 0.056 0
3 0.056 0
3 0.056 0
3 0.056 0
3 0.056 0
3 0.056 0
3 0.056 0
3 0.056 0
3 0.056 0
3 0.056 0
3 0.056 0
3 0.056 0
3 0.056 0
3 0.056 0
3 0.056 0
3 0.056 0
3 0.056 0
3 0.056 0
3 0.056 0
3 0.056 0
3 0.056 0
3 0.056 0
3 0.056 0
3 0.056 0
3 0.056 0
3 0.056 0
3 0.056 0
3 0.056 0
3 0.056 0
3 0.056 0
3 0.056 0
3 0.056 0
3 0.056 0
3 0.056 0
3 0.056 0
3 0.056 0
3 0.056 0
3 0.056 0
3 0.056 0
3 0.056 0
3 0.056 0
3 0.056 0
3 0.056 0
3 0.056 0
3 0.056 0
3 0.056 0
3 0.056 0
3 0.056 0
3 0.056 0
3 0.056 0
3 0.056 0
1 0.056 0
1 0.056 0
3 0.056 0
3 0.056 0
3 0.056 0
3 0.056 0
3 0.056 0
3 0.056 0
3 0.056 0
3 0.056 0
3 0.056 0
3 0.056 0
3 0.056 0
3 0.056 0
3 0.056 0
3 0.056 0
3 0.056 0
3 0.056 0
3 0.056 0
3 0.056 0
3 0.056 0
3 0.056 0
3 0.056 0
3 0.056 0
3 0.056 0
3 0.056 0
3 0.056 0
3 0.056 0
3 0.056 0
3 0.056 0
3 0.056 0
3 0.056 0
3 0.056 0
3 0.056 0
3 0.056 0
3 0.056 0
3 0.056 0
3 0.056 0
3 0.056 0
3 0.056 0
3 0.056 0
3 0.056 0
3 0.056 0
3 0.056 0
3 0.056 0
3 0.056 0
3 0.056 0
3 0.056 0
3 0.056 0
3 0.056 0
3 0.056 0
3 0.056 0
3 0.056 0
3 0.056 0
3 0.056 0
3 0.056 0
3 0.056 0
3 0.056 0
3 0.056 0
3 0.056 0
3 0.056 0
3 0.056 0
3 0.056 0
3 0.056 0
3 0.056 0
3 0.056 0
3 0.056 0
3 0.056 0
3 0.056 0
3 0.056 0
3 0.056 0
3 0.056 0
3 0.056 0
3 0.056 0
3 0.056 0
3 0.056 0
3 0.056 0
3 0.056 0
3 0.056 0
3 0.056 0
3 0.056 0
3 0.056 0
3 0.056 0
3 0.056 0
3 0.056 0
3 0.056 0
3 0.056 0
3 0.056 0
17 0.056 0
10 0.056 0
18 0.056 0
2 0.056 0
19 0.056 0
18 0.056 0
17 0.056 0
17 0.056 0
17 0.056 0
3 0.056 0
3 0.056 0
3 0.056 0
1 0.056 0
3 0.056 0
3 0.056 0
4 0.056 0
17 0.056 0
10 0.056 0
18 0.056 0
2 0.056 0
19 0.056 0
18 0.056 0
17 0.056 0
17 0.056 0
17 0.056 0
3 0.056 0
3 0.056 0
3 0.056 0
3 0.056 0
2 0.056 0
1 0.056 0
3 0.056 0
3 0.056 0
3 0.056 0
3 0.056 0
3 0.056 0
3 0.056 0
3 0.056 0
3 0.056 0
3 0.056 0
3 0.056 0
3 0.056 0
17 0.056 0
10 0.056 0
18 0.056 0
2 0.056 0
19 0.056 0
18 0.056 0
17 0.056 0
17 0.056 0
17 0.056 0
3 0.056 0
3 0.056 0
3 0.056 0
3 0.056 0
3 0.056 0
17 0.056 0
10 0.056 0
18 0.056 0
2 0.056 0
19 0.056 0
18 0.056 0
17 0.055 0
17 0.054 0
17 0.053 0
3 0.052 0
3 0.051 0
3 0.05 0
