(9, 27, 27, 27, 27, 27, 9) 0.05 1
1 0.051 1
1 0.052 1
1 0.053 1
2 0.054 1
1 0.055 1
27 0.056 1
27 0.057 1
14 0.058 1
9 0.059 1
9 0.06 1
9 0.061 1
9 0.062 1
9 0.063 1
9 0.063 0
9 0.063 0
9 0.063 0
4 0.063 0
3 0.063 0
3 0.063 0
3 0.063 0
3 0.063 0
3 0.063 0
3 0.063 0
3 0.063 0
3 0.063 0
3 0.063 0
3 0.063 0
9 0.063 0
23 0.063 0
24 0.063 0
3 0.063 0
3 0.063 0
3 0.063 0
3 0.063 0
3 0.063 0
3 0.063 0
3 0.063 0
3 0.063 0
3 0.063 0
3 0.063 0
3 0.063 0
3 0.063 0
3 0.063 0
3 0.063 0
3 0.063 0
3 0.063 0
3 0.063 0
9 0.063 0
23 0.063 0
24 0.063 0
9 0.063 0
23 0.063 0
24 0.063 0
9 0.063 0
23 0.063 0
24 0.063 0
9 0.063 0
23 0.063 0
24 0.063 0
27 0.064 1
27 0.065 1
27 0.066 1
9 0.067 1
23 0.068 1
24 0.069 1
9 0.07 1
23 0.071 1
24 0.072 1
9 0.072 0
23 0.072 0
24 0.072 0
9 0.072 0
23 0.072 0
24 0.072 0
9 0.072 0
23 0.072 0
24 0.072 0
9 0.072 0
23 0.072 0
24 0.072 0
9 0.072 0
23 0.072 0
24 0.072 0
9 0.072 0
23 0.072 0
24 0.072 0
9 0.072 0
23 0.072 0
24 0.072 0
9 0.072 0
23 0.072 0
24 0.072 0
9 0.072 0
23 0.072 0
24 0.072 0
9 0.072 0
23 0.072 0
24 0.072 0
9 0.072 0
23 0.072 0
24 0.072 0
3 0.072 0
3 0.072 0
3 0.072 0
3 0.072 0
27 0.073 1
27 0.074 1
27 0.075 1
27 0.076 1
27 0.077 1
27 0.078 1
27 0.078 0
27 0.078 0
27 0.078 0
27 0.078 0
27 0.078 0
27 0.078 0
27 0.078 0
27 0.078 0
27 0.078 0
27 0.078 0
27 0.078 0
27 0.078 0
27 0.078 0
27 0.078 0
27 0.078 0
27 0.078 0
27 0.078 0
27 0.078 0
27 0.078 0
27 0.078 0
27 0.078 0
3 0.078 0
3 0.078 0
3 0.078 0
3 0.078 0
9 0.078 0
9 0.078 0
9 0.078 0
9 0.078 0
9 0.078 0
9 0.078 0
9 0.078 0
9 0.078 0
9 0.078 0
9 0.078 0
9 0.078 0
9 0.078 0
9 0.078 0
9 0.078 0
9 0.078 0
9 0.078 0
9 0.078 0
9 0.078 0
9 0.078 0
9 0.078 0
9 0.078 0
9 0.078 0
9 0.078 0
9 0.078 0
9 0.077 0
2 0.077 0
1 0.077 0
4 0.077 0
3 0.077 0
3 0.077 0
3 0.077 0
3 0.077 0
1 0.077 0
2 0.077 0
1 0.077 0
4 0.077 0
1 0.077 0
2 0.077 0
1 0.077 0
4 0.077 0
9 0.077 0
9 0.077 0
9 0.077 0
9 0.077 0
9 0.077 0
9 0.077 0
9 0.077 0
9 0.077 0
9 0.077 0
9 0.077 0
9 0.077 0
9 0.077 0
9 0.077 0
9 0.077 0
9 0.077 0
9 0.077 0
9 0.077 0
9 0.077 0
9 0.077 0
9 0.077 0
9 0.077 0
9 0.077 0
9 0.077 0
9 0.077 0
9 0.077 0
9 0.077 0
9 0.077 0
9 0.077 0
9 0.077 0
9 0.077 0
9 0.077 0
9 0.077 0
9 0.077 0
9 0.077 0
9 0.077 0
9 0.077 0
9 0.077 0
9 0.077 0
9 0.077 0
9 0.077 0
9 0.077 0
9 0.077 0
9 0.077 0
9 0.077 0
9 0.077 0
9 0.077 0
9 0.077 0
9 0.077 0
9 0.077 0
9 0.077 0
9 0.077 0
9 0.077 0
9 0.077 0
9 0.077 0
9 0.077 0
9 0.077 0
9 0.077 0
9 0.077 0
9 0.077 0
9 0.077 0
9 0.077 0
9 0.077 0
9 0.077 0
9 0.077 0
9 0.077 0
9 0.077 0
9 0.077 0
9 0.077 0
9 0.077 0
9 0.077 0
9 0.077 0
9 0.077 0
9 0.077 0
9 0.077 0
9 0.077 0
9 0.077 0
9 0.077 0
9 0.077 0
9 0.077 0
9 0.077 0
9 0.077 0
9 0.077 0
9 0.077 0
9 0.077 0
9 0.077 0
9 0.077 0
9 0.077 0
9 0.077 0
9 0.077 0
9 0.077 0
9 0.077 0
9 0.077 0
9 0.077 0
9 0.077 0
9 0.077 0
9 0.077 0
9 0.077 0
9 0.077 0
9 0.077 0
9 0.077 0
9 0.077 0
9 0.077 0
9 0.077 0
9 0.077 0
9 0.077 0
9 0.077 0
9 0.077 0
9 0.077 0
9 0.077 0
9 0.077 0
9 0.077 0
9 0.077 0
9 0.077 0
1 0.077 0
1 0.077 0
9 0.077 0
9 0.077 0
9 0.077 0
9 0.077 0
9 0.077 0
9 0.077 0
9 0.077 0
9 0.077 0
9 0.077 0
9 0.077 0
9 0.077 0
9 0.077 0
9 0.077 0
9 0.077 0
9 0.077 0
9 0.077 0
9 0.077 0
9 0.077 0
9 0.077 0
9 0.077 0
9 0.077 0
9 0.077 0
9 0.077 0
9 0.077 0
9 0.077 0
9 0.077 0
9 0.077 0
9 0.077 0
9 0.077 0
9 0.077 0
9 0.077 0
9 0.077 0
9 0.077 0
9 0.077 0
9 0.077 0
9 0.077 0
9 0.077 0
9 0.077 0
9 0.077 0
9 0.077 0
9 0.077 0
9 0.077 0
9 0.077 0
9 0.077 0
9 0.077 0
9 0.077 0
9 0.077 0
9 0.077 0
9 0.077 0
9 0.077 0
9 0.077 0
9 0.077 0
9 0.077 0
9 0.077 0
9 0.077 0
3 0.077 0
3 0.077 0
3 0.077 0
3 0.077 0
1 0.078 1
1 0.079 1
1 0.08 1
1 0.08 0
1 0.08 0
1 0.081 1
1 0.081 0
1 0.081 0
1 0.081 0
1 0.081 0
1 0.081 0
1 0.081 0
1 0.081 0
1 0.081 0
1 0.081 0
1 0.081 0
1 0.081 0
1 0.081 0
1 0.081 0
1 0.081 0
1 0.081 0
1 0.081 0
1 0.081 0
1 0.081 0
1 0.081 0
1 0.081 0
1 0.081 0
1 0.081 0
1 0.081 0
1 0.081 0
1 0.081 0
1 0.081 0
1 0.081 0
1 0.081 0
1 0.081 0
1 0.081 0
1 0.081 0
1 0.081 0
3 0.081 0
3 0.081 0
3 0.081 0
3 0.081 0
3 0.081 0
3 0.081 0
3 0.081 0
3 0.081 0
3 0.081 0
3 0.08 0
3 0.079 0
3 0.078 0
3 0.077 0
3 0.076 0
3 0.076 0
3 0.075 0
2 0.074 0
1 0.073 0
4 0.073 0
1 0.073 0
1 0.073 0
1 0.074 1
1 0.074 0
1 0.075 1
1 0.076 1
3 0.076 0
3 0.076 0
1 0.076 0
9 0.077 1
9 0.078 1
2 0.078 0
1 0.078 0
4 0.078 0
9 0.078 0
27 0.079 1
27 0.079 0
9 0.079 0
2 0.079 0
1 0.079 0
4 0.079 0
9 0.079 0
27 0.079 0
27 0.079 0
27 0.079 0
27 0.079 0
27 0.08 1
9 0.081 1
2 0.082 1
1 0.082 0
4 0.082 0
9 0.082 0
27 0.082 0
27 0.082 0
27 0.082 0
27 0.082 0
9 0.082 0
2 0.082 0
1 0.082 0
4 0.082 0
9 0.082 0
9 0.082 0
2 0.082 0
1 0.082 0
14 0.082 0
3 0.082 0
27 0.082 0
9 0.082 0
27 0.082 0
9 0.082 0
27 0.082 0
9 0.082 0
27 0.082 0
9 0.082 0
3 0.082 0
3 0.082 0
3 0.082 0
3 0.082 0
9 0.082 0
9 0.082 0
9 0.082 0
9 0.082 0
9 0.082 0
9 0.082 0
9 0.082 0
9 0.082 0
4 0.082 0
3 0.082 0
3 0.082 0
3 0.082 0
3 0.082 0
3 0.082 0
27 0.082 0
27 0.082 0
27 0.082 0
27 0.082 0
27 0.082 0
27 0.082 0
3 0.082 0
3 0.082 0
3 0.082 0
3 0.082 0
27 0.082 0
27 0.082 0
3 0.082 0
3 0.082 0
3 0.082 0
3 0.082 0
3 0.082 0
3 0.082 0
3 0.082 0
3 0.082 0
3 0.082 0
3 0.082 0
3 0.082 0
3 0.082 0
3 0.082 0
3 0.082 0
3 0.082 0
3 0.082 0
3 0.082 0
3 0.082 0
3 0.082 0
3 0.082 0
3 0.082 0
3 0.082 0
3 0.082 0
3 0.082 0
3 0.082 0
3 0.082 0
3 0.082 0
3 0.082 0
3 0.082 0
3 0.082 0
3 0.082 0
3 0.082 0
3 0.082 0
3 0.082 0
3 0.082 0
3 0.082 0
3 0.082 0
3 0.082 0
3 0.082 0
3 0.082 0
3 0.082 0
3 0.082 0
3 0.082 0
3 0.082 0
3 0.082 0
3 0.082 0
3 0.082 0
3 0.082 0
3 0.082 0
3 0.082 0
3 0.082 0
3 0.082 0
3 0.082 0
3 0.082 0
3 0.082 0
3 0.082 0
3 0.082 0
3 0.082 0
3 0.082 0
3 0.082 0
3 0.082 0
3 0.082 0
3 0.082 0
3 0.082 0
3 0.082 0
3 0.082 0
3 0.082 0
3 0.082 0
3 0.082 0
27 0.082 0
9 0.082 0
9 0.082 0
9 0.083 1
9 0.084 1
9 0.085 1
9 0.086 1
9 0.086 0
9 0.086 0
9 0.086 0
9 0.086 0
9 0.086 0
9 0.086 0
1 0.086 0
1 0.086 0
1 0.087 1
2 0.088 1
1 0.088 0
4 0.089 1
3 0.089 0
3 0.089 0
3 0.089 0
3 0.089 0
1 0.089 0
2 0.089 0
1 0.089 0
4 0.089 0
1 0.089 0
2 0.089 0
1 0.089 0
4 0.089 0
1 0.089 0
2 0.089 0
1 0.089 0
4 0.089 0
1 0.089 0
1 0.089 0
1 0.089 0
1 0.089 0
1 0.09 1
1 0.091 1
1 0.091 0
1 0.091 0
1 0.091 0
1 0.091 0
1 0.091 0
1 0.091 0
1 0.091 0
1 0.091 0
1 0.091 0
1 0.091 0
1 0.091 0
1 0.091 0
1 0.091 0
1 0.091 0
1 0.091 0
1 0.091 0
1 0.091 0
1 0.091 0
1 0.091 0
1 0.091 0
1 0.091 0
1 0.091 0
1 0.091 0
1 0.091 0
1 0.091 0
1 0.091 0
1 0.091 0
1 0.091 0
1 0.091 0
1 0.091 0
1 0.091 0
1 0.091 0
1 0.091 0
1 0.091 0
1 0.091 0
1 0.091 0
1 0.091 0
1 0.091 0
1 0.091 0
1 0.091 0
1 0.091 0
1 0.091 0
1 0.091 0
1 0.091 0
1 0.091 0
1 0.091 0
1 0.091 0
1 0.091 0
1 0.091 0
1 0.091 0
1 0.09 0
1 0.089 0
1 0.089 0
1 0.089 0
1 0.089 0
1 0.089 0
1 0.088 0
1 0.088 0
1 0.088 0
1 0.088 0
1 0.088 0
1 0.088 0
1 0.088 0
1 0.088 0
1 0.088 0
1 0.088 0
1 0.088 0
1 0.088 0
1 0.088 0
1 0.088 0
1 0.088 0
1 0.088 0
1 0.088 0
1 0.088 0
1 0.088 0
1 0.088 0
1 0.088 0
1 0.088 0
1 0.088 0
1 0.088 0
1 0.088 0
1 0.088 0
1 0.088 0
1 0.088 0
1 0.088 0
1 0.088 0
1 0.088 0
1 0.088 0
1 0.088 0
1 0.087 0
1 0.087 0
1 0.087 0
1 0.087 0
1 0.086 0
1 0.085 0
1 0.084 0
1 0.083 0
1 0.082 0
1 0.081 0
1 0.08 0
1 0.079 0
1 0.079 0
1 0.079 0
1 0.079 0
1 0.079 0
1 0.079 0
1 0.079 0
1 0.078 0
1 0.077 0
1 0.076 0
1 0.075 0
1 0.074 0
1 0.073 0
1 0.073 0
1 0.073 0
1 0.073 0
1 0.073 0
1 0.073 0
1 0.073 0
1 0.073 0
1 0.073 0
1 0.073 0
1 0.073 0
1 0.073 0
1 0.073 0
1 0.073 0
1 0.073 0
1 0.073 0
1 0.073 0
1 0.073 0
1 0.073 0
1 0.073 0
1 0.073 0
1 0.073 0
1 0.073 0
1 0.072 0
1 0.071 0
1 0.07 0
1 0.07 0
1 0.07 0
1 0.07 0
1 0.07 0
1 0.07 0
1 0.07 0
1 0.07 0
1 0.07 0
1 0.07 0
1 0.07 0
1 0.07 0
1 0.07 0
1 0.07 0
1 0.07 0
1 0.07 0
1 0.07 0
1 0.07 0
1 0.07 0
1 0.07 0
1 0.07 0
1 0.07 0
1 0.07 0
1 0.07 0
1 0.07 0
1 0.07 0
1 0.07 0
1 0.07 0
1 0.07 0
1 0.07 0
1 0.07 0
1 0.07 0
1 0.07 0
1 0.07 0
1 0.07 0
1 0.07 0
1 0.07 0
1 0.07 0
1 0.07 0
1 0.07 0
1 0.07 0
1 0.07 0
1 0.07 0
1 0.07 0
1 0.07 0
1 0.07 0
1 0.07 0
1 0.07 0
1 0.07 0
1 0.07 0
1 0.07 0
1 0.07 0
2 0.07 0
1 0.07 0
3 0.07 0
17 0.07 0
10 0.07 0
18 0.07 0
2 0.07 0
19 0.07 0
18 0.07 0
17 0.07 0
17 0.07 0
17 0.07 0
3 0.07 0
3 0.07 0
3 0.07 0
3 0.07 0
3 0.07 0
17 0.07 0
10 0.07 0
18 0.07 0
2 0.07 0
19 0.07 0
18 0.07 0
17 0.07 0
17 0.07 0
17 0.07 0
3 0.07 0
3 0.07 0
3 0.07 0
3 0.07 0
3 0.07 0
17 0.07 0
10 0.07 0
18 0.07 0
2 0.07 0
19 0.07 0
18 0.07 0
17 0.07 0
17 0.07 0
17 0.07 0
3 0.07 0
3 0.07 0
3 0.07 0
3 0.07 0
3 0.069 0
17 0.069 0
10 0.069 0
18 0.069 0
2 0.069 0
19 0.069 0
18 0.069 0
17 0.069 0
17 0.069 0
17 0.069 0
3 0.069 0
3 0.069 0
3 0.069 0
3 0.069 0
3 0.069 0
17 0.069 0
10 0.069 0
18 0.069 0
2 0.069 0
19 0.069 0
18 0.069 0
1 0.069 0
1 0.069 0
17 0.069 0
17 0.069 0
17 0.069 0
3 0.069 0
3 0.069 0
3 0.069 0
3 0.069 0
3 0.069 0
4 0.069 0
17 0.069 0
10 0.069 0
18 0.069 0
2 0.069 0
19 0.069 0
18 0.069 0
17 0.069 0
17 0.069 0
17 0.069 0
3 0.069 0
3 0.069 0
3 0.069 0
3 0.069 0
2 0.069 0
1 0.069 0
3 0.069 0
3 0.069 0
3 0.069 0
3 0.069 0
3 0.069 0
3 0.069 0
3 0.069 0
3 0.069 0
3 0.069 0
3 0.069 0
3 0.068 0
3 0.068 0
3 0.067 0
3 0.066 0
3 0.066 0
3 0.066 0
3 0.066 0
3 0.066 0
3 0.066 0
3 0.066 0
3 0.066 0
3 0.066 0
3 0.066 0
3 0.066 0
3 0.066 0
3 0.066 0
4 0.066 0
3 0.065 0
3 0.064 0
3 0.063 0
3 0.062 0
2 0.061 0
1 0.061 0
3 0.061 0
17 0.061 0
10 0.061 0
18 0.061 0
2 0.061 0
19 0.061 0
18 0.061 0
17 0.061 0
17 0.061 0
17 0.061 0
3 0.061 0
3 0.061 0
3 0.061 0
3 0.061 0
3 0.061 0
17 0.061 0
10 0.061 0
18 0.061 0
2 0.061 0
19 0.061 0
18 0.061 0
17 0.061 0
17 0.061 0
17 0.061 0
3 0.061 0
3 0.061 0
3 0.061 0
3 0.061 0
3 0.061 0
17 0.061 0
10 0.061 0
18 0.061 0
2 0.061 0
19 0.061 0
18 0.061 0
17 0.061 0
17 0.061 0
17 0.06 0
3 0.059 0
3 0.058 0
3 0.058 0
3 0.058 0
3 0.058 0
17 0.058 0
10 0.058 0
18 0.058 0
2 0.058 0
19 0.058 0
18 0.058 0
17 0.058 0
17 0.058 0
17 0.058 0
3 0.058 0
3 0.058 0
3 0.058 0
3 0.058 0
3 0.058 0
17 0.058 0
10 0.058 0
18 0.058 0
2 0.058 0
19 0.058 0
18 0.058 0
17 0.058 0
17 0.058 0
17 0.058 0
3 0.058 0
3 0.058 0
3 0.058 0
3 0.058 0
3 0.058 0
4 0.057 0
17 0.056 0
10 0.055 0
18 0.054 0
2 0.053 0
19 0.052 0
18 0.052 0
17 0.052 0
17 0.052 0
17 0.052 0
3 0.052 0
3 0.052 0
3 0.052 0
3 0.051 0
2 0.05 0
