(3, 3, 3, 17, 10, 18, 2)
(3, 3, 17, 10, 18, 2, 19)
(3, 17, 10, 18, 2, 19, 18)
(17, 10, 18, 2, 19, 18, 17)
(10, 18, 2, 19, 18, 17, 17)
(18, 2, 19, 18, 17, 17, 17)
(2, 19, 18, 17, 17, 17, 3)
(3, 3, 3, 3, 3, 3, 3)
(19, 18, 17, 17, 17, 3, 3)
(3, 3, 3, 3, 3, 3, 3)
(18, 17, 17, 17, 3, 3, 3)
(17, 17, 17, 3, 3, 3, 17)
(17, 17, 3, 3, 3, 17, 10)
(17, 3, 3, 3, 17, 10, 18)
(3, 3, 3, 17, 10, 18, 2)
(3, 3, 17, 10, 18, 2, 19)
(3, 17, 10, 18, 2, 19, 18)
(17, 10, 18, 2, 19, 18, 17)
(10, 18, 2, 19, 18, 17, 17)
(18, 2, 19, 18, 17, 17, 17)
(2, 19, 18, 17, 17, 17, 3)
(3, 3, 3, 3, 3, 3, 3)
(19, 18, 17, 17, 17, 3, 3)
(3, 3, 3, 3, 3, 3, 3)
(18, 17, 17, 17, 3, 3, 3)
(17, 17, 17, 3, 3, 3, 17)
(17, 17, 3, 3, 3, 17, 10)
(17, 3, 3, 3, 17, 10, 18)
(3, 3, 3, 17, 10, 18, 2)
(3, 3, 17, 10, 18, 2, 19)
(3, 17, 10, 18, 2, 19, 18)
(17, 10, 18, 2, 19, 18, 17)
(10, 18, 2, 19, 18, 17, 17)
(18, 2, 19, 18, 17, 17, 17)
(2, 19, 18, 17, 17, 17, 3)
(3, 3, 3, 3, 3, 3, 3)
(19, 18, 17, 17, 17, 3, 3)
(3, 3, 3, 3, 3, 3, 3)
(18, 17, 17, 17, 3, 3, 3)
(17, 17, 17, 3, 3, 3, 17)
(17, 17, 3, 3, 3, 17, 10)
(17, 3, 3, 3, 17, 10, 18)
(3, 3, 3, 17, 10, 18, 2)
(3, 3, 17, 10, 18, 2, 19)
(3, 17, 10, 18, 2, 19, 18)
(17, 10, 18, 2, 19, 18, 17)
(10, 18, 2, 19, 18, 17, 17)
(18, 2, 19, 18, 17, 17, 17)
(2, 19, 18, 17, 17, 17, 3)
(3, 3, 3, 3, 3, 3, 3)
(19, 18, 17, 17, 17, 3, 3)
(3, 3, 3, 3, 3, 3, 3)
(18, 17, 17, 17, 3, 3, 3)
(17, 17, 17, 3, 3, 3, 17)
(17, 17, 3, 3, 3, 17, 10)
(17, 3, 3, 3, 17, 10, 18)
(3, 3, 3, 17, 10, 18, 2)
(3, 3, 17, 10, 18, 2, 19)
(3, 17, 10, 18, 2, 19, 18)
(17, 10, 18, 2, 19, 18, 17)
(10, 18, 2, 19, 18, 17, 17)
(18, 2, 19, 18, 17, 17, 17)
(2, 19, 18, 17, 17, 17, 3)
(3, 3, 3, 3, 3, 3, 3)
(19, 18, 17, 17, 17, 3, 3)
(3, 3, 3, 3, 3, 3, 3)
(18, 17, 17, 17, 3, 3, 3)
(17, 17, 17, 3, 3, 3, 4)
(17, 17, 3, 3, 3, 4, 17)
(17, 3, 3, 3, 4, 17, 10)
(3, 3, 3, 4, 17, 10, 18)
(3, 3, 4, 17, 10, 18, 2)
(3, 4, 17, 10, 18, 2, 19)
(4, 17, 10, 18, 2, 19, 18)
(17, 10, 18, 2, 19, 18, 17)
(10, 18, 2, 19, 18, 17, 17)
(18, 2, 19, 18, 17, 17, 17)
(2, 19, 18, 17, 17, 17, 3)
(3, 3, 3, 3, 3, 3, 3)
(19, 18, 17, 17, 17, 3, 3)
(3, 3, 3, 3, 3, 3, 3)
(3, 3, 3, 3, 3, 3, 2)
(3, 3, 3, 3, 3, 2, 1)
(18, 17, 17, 17, 3, 3, 3)
(17, 17, 17, 3, 3, 3, 3)
(3, 3, 3, 3, 2, 1, 3)
(17, 17, 3, 3, 3, 3, 3)
(3, 3, 3, 2, 1, 3, 3)
(18, 17, 17, 17, 3, 3, 3)
(17, 17, 17, 3, 3, 3, 3)
(3, 3, 2, 1, 3, 3, 3)
(17, 17, 3, 3, 3, 3, 3)
(3, 2, 1, 3, 3, 3, 3)
(18, 17, 17, 17, 3, 3, 3)
(17, 17, 17, 3, 3, 3, 3)
(2, 1, 3, 3, 3, 3, 3)
(17, 17, 3, 3, 3, 3, 3)
(1, 3, 3, 3, 3, 3, 3)
(18, 17, 17, 17, 3, 3, 3)
(17, 17, 17, 3, 3, 3, 3)
(3, 3, 3, 3, 3, 3, 3)
(17, 17, 3, 3, 3, 3, 3)
(3, 3, 3, 3, 3, 3, 3)
(17, 3, 3, 3, 3, 3, 3)
(3, 3, 3, 3, 3, 3, 3)
(3, 3, 3, 3, 3, 3, 3)
(3, 3, 3, 3, 3, 3, 3)
(3, 3, 3, 3, 3, 3, 3)
(17, 3, 3, 3, 3, 3, 3)
(3, 3, 3, 3, 3, 3, 3)
(3, 3, 3, 3, 3, 3, 3)
(3, 3, 3, 3, 3, 3, 3)
(3, 3, 3, 3, 3, 3, 3)
(17, 3, 3, 3, 3, 3, 3)
(3, 3, 3, 3, 3, 3, 3)
(3, 3, 3, 3, 3, 3, 3)
(3, 3, 3, 3, 3, 3, 3)
(3, 3, 3, 3, 3, 3, 3)
(17, 3, 3, 3, 3, 3, 3)
(3, 3, 3, 3, 3, 3, 3)
(3, 3, 3, 3, 3, 3, 3)
(3, 3, 3, 3, 3, 3, 3)
(3, 3, 3, 3, 3, 3, 3)
(3, 3, 3, 3, 3, 3, 3)
(3, 3, 3, 3, 3, 3, 3)
(3, 3, 3, 3, 3, 3, 3)
(3, 3, 3, 3, 3, 3, 3)
(3, 3, 3, 3, 3, 3, 3)
(3, 3, 3, 3, 3, 3, 3)
(3, 3, 3, 3, 3, 3, 3)
(3, 3, 3, 3, 3, 3, 3)
(3, 3, 3, 3, 3, 3, 3)
(3, 3, 3, 3, 3, 3, 3)
(3, 3, 3, 3, 3, 3, 3)
(3, 3, 3, 3, 3, 3, 3)
(3, 3, 3, 3, 3, 3, 3)
(3, 3, 3, 3, 3, 3, 3)
(3, 3, 3, 3, 3, 3, 3)
(3, 3, 3, 3, 3, 3, 3)
(3, 3, 3, 3, 3, 3, 3)
(3, 3, 3, 3, 3, 3, 3)
(3, 3, 3, 3, 3, 3, 3)
(3, 3, 3, 3, 3, 3, 3)
(3, 3, 3, 3, 3, 3, 3)
(3, 3, 3, 3, 3, 3, 3)
(3, 3, 3, 3, 3, 3, 3)
(3, 3, 3, 3, 3, 3, 3)
(3, 3, 3, 3, 3, 3, 3)
(3, 3, 3, 3, 3, 3, 3)
(3, 3, 3, 3, 3, 3, 3)
(3, 3, 3, 3, 3, 3, 3)
(3, 3, 3, 3, 3, 3, 3)
(3, 3, 3, 3, 3, 3, 3)
(3, 3, 3, 3, 3, 3, 3)
(3, 3, 3, 3, 3, 3, 3)
(3, 3, 3, 3, 3, 3, 3)
(3, 3, 3, 3, 3, 3, 3)
(3, 3, 3, 3, 3, 3, 3)
(3, 3, 3, 3, 3, 3, 3)
(3, 3, 3, 3, 3, 3, 3)
(3, 3, 3, 3, 3, 3, 3)
(3, 3, 3, 3, 3, 3, 3)
(3, 3, 3, 3, 3, 3, 3)
(3, 3, 3, 3, 3, 3, 3)
(3, 3, 3, 3, 3, 3, 3)
(3, 3, 3, 3, 3, 3, 3)
(3, 3, 3, 3, 3, 3, 3)
(3, 3, 3, 3, 3, 3, 3)
(3, 3, 3, 3, 3, 3, 3)
(3, 3, 3, 3, 3, 3, 3)
(3, 3, 3, 3, 3, 3, 3)
(3, 3, 3, 3, 3, 3, 3)
(3, 3, 3, 3, 3, 3, 3)
(3, 3, 3, 3, 3, 3, 3)
(3, 3, 3, 3, 3, 3, 3)
(3, 3, 3, 3, 3, 3, 3)
(3, 3, 3, 3, 3, 3, 3)
(3, 3, 3, 3, 3, 3, 3)
(3, 3, 3, 3, 3, 3, 3)
(3, 3, 3, 3, 3, 3, 3)
(3, 3, 3, 3, 3, 3, 3)
(3, 3, 3, 3, 3, 3, 3)
(3, 3, 3, 3, 3, 3, 3)
(3, 3, 3, 3, 3, 3, 3)
(3, 3, 3, 3, 3, 3, 3)
(3, 3, 3, 3, 3, 3, 3)
(3, 3, 3, 3, 3, 3, 3)
(3, 3, 3, 3, 3, 3, 3)
(3, 3, 3, 3, 3, 3, 3)
(3, 3, 3, 3, 3, 3, 3)
(3, 3, 3, 3, 3, 3, 3)
(3, 3, 3, 3, 3, 3, 3)
(3, 3, 3, 3, 3, 3, 3)
(3, 3, 3, 3, 3, 3, 3)
(3, 3, 3, 3, 3, 3, 3)
(3, 3, 3, 3, 3, 3, 3)
(3, 3, 3, 3, 3, 3, 3)
(3, 3, 3, 3, 3, 3, 3)
(3, 3, 3, 3, 3, 3, 3)
(3, 3, 3, 3, 3, 3, 3)
(3, 3, 3, 3, 3, 3, 3)
(3, 3, 3, 3, 3, 3, 3)
(3, 3, 3, 3, 3, 3, 3)
(3, 3, 3, 3, 3, 3, 3)
(3, 3, 3, 3, 3, 3, 3)
(3, 3, 3, 3, 3, 3, 3)
(3, 3, 3, 3, 3, 3, 3)
(3, 3, 3, 3, 3, 3, 3)
(3, 3, 3, 3, 3, 3, 3)
(3, 3, 3, 3, 3, 3, 3)
(3, 3, 3, 3, 3, 3, 3)
(3, 3, 3, 3, 3, 3, 3)
(3, 3, 3, 3, 3, 3, 3)
(3, 3, 3, 3, 3, 3, 3)
(3, 3, 3, 3, 3, 3, 3)
(3, 3, 3, 3, 3, 3, 3)
(3, 3, 3, 3, 3, 3, 3)
(3, 3, 3, 3, 3, 3, 3)
(3, 3, 3, 3, 3, 3, 3)
(3, 3, 3, 3, 3, 3, 3)
(3, 3, 3, 3, 3, 3, 3)
(3, 3, 3, 3, 3, 3, 3)
(3, 3, 3, 3, 3, 3, 3)
(3, 3, 3, 3, 3, 3, 3)
(3, 3, 3, 3, 3, 3, 3)
(3, 3, 3, 3, 3, 3, 3)
(3, 3, 3, 3, 3, 3, 3)
(3, 3, 3, 3, 3, 3, 3)
(3, 3, 3, 3, 3, 3, 3)
(3, 3, 3, 3, 3, 3, 3)
(3, 3, 3, 3, 3, 3, 3)
(3, 3, 3, 3, 3, 3, 3)
(3, 3, 3, 3, 3, 3, 3)
(3, 3, 3, 3, 3, 3, 3)
(3, 3, 3, 3, 3, 3, 3)
(3, 3, 3, 3, 3, 3, 3)
(3, 3, 3, 3, 3, 3, 3)
(3, 3, 3, 3, 3, 3, 3)
(3, 3, 3, 3, 3, 3, 3)
(3, 3, 3, 3, 3, 3, 3)
(3, 3, 3, 3, 3, 3, 3)
(3, 3, 3, 3, 3, 3, 3)
(3, 3, 3, 3, 3, 3, 3)
(3, 3, 3, 3, 3, 3, 3)
(3, 3, 3, 3, 3, 3, 4)
(3, 3, 3, 3, 3, 4, 6)
(3, 3, 3, 3, 4, 6, 3)
(3, 3, 3, 3, 3, 3, 3)
(3, 3, 3, 4, 6, 3, 3)
(3, 3, 3, 3, 3, 3, 3)
(3, 3, 3, 3, 3, 3, 2)
(3, 3, 3, 3, 3, 2, 2)
(3, 3, 3, 3, 2, 2, 1)
(3, 3, 3, 3, 3, 3, 3)
(3, 3, 3, 3, 3, 3, 17)
(3, 3, 3, 3, 3, 17, 10)
(3, 3, 3, 3, 17, 10, 18)
(3, 3, 3, 17, 10, 18, 2)
(3, 3, 17, 10, 18, 2, 19)
(3, 17, 10, 18, 2, 19, 18)
(17, 10, 18, 2, 19, 18, 17)
(10, 18, 2, 19, 18, 17, 17)
(18, 2, 19, 18, 17, 17, 17)
(2, 19, 18, 17, 17, 17, 3)
(3, 3, 3, 2, 2, 1, 3)
(19, 18, 17, 17, 17, 3, 3)
(3, 3, 2, 2, 1, 3, 3)
(3, 3, 3, 3, 3, 3, 3)
(3, 3, 3, 3, 3, 3, 17)
(3, 3, 3, 3, 3, 17, 10)
(3, 3, 3, 3, 17, 10, 18)
(3, 3, 3, 17, 10, 18, 2)
(3, 3, 17, 10, 18, 2, 19)
(3, 17, 10, 18, 2, 19, 18)
(17, 10, 18, 2, 19, 18, 17)
(10, 18, 2, 19, 18, 17, 17)
(18, 2, 19, 18, 17, 17, 17)
(2, 19, 18, 17, 17, 17, 3)
(3, 2, 2, 1, 3, 3, 3)
(19, 18, 17, 17, 17, 3, 3)
(2, 2, 1, 3, 3, 3, 3)
(3, 3, 3, 3, 3, 3, 3)
(3, 3, 3, 3, 3, 3, 17)
(3, 3, 3, 3, 3, 17, 10)
(3, 3, 3, 3, 17, 10, 18)
(3, 3, 3, 17, 10, 18, 2)
(3, 3, 17, 10, 18, 2, 19)
(3, 17, 10, 18, 2, 19, 18)
(17, 10, 18, 2, 19, 18, 17)
(10, 18, 2, 19, 18, 17, 17)
(18, 2, 19, 18, 17, 17, 17)
(2, 19, 18, 17, 17, 17, 3)
(2, 1, 3, 3, 3, 3, 3)
(19, 18, 17, 17, 17, 3, 3)
(1, 3, 3, 3, 3, 3, 3)
(3, 3, 4, 6, 3, 3, 3)
(3, 4, 6, 3, 3, 3, 17)
(4, 6, 3, 3, 3, 17, 10)
(6, 3, 3, 3, 17, 10, 18)
(3, 3, 3, 17, 10, 18, 2)
(3, 3, 17, 10, 18, 2, 19)
(3, 17, 10, 18, 2, 19, 18)
(17, 10, 18, 2, 19, 18, 17)
(10, 18, 2, 19, 18, 17, 17)
(18, 2, 19, 18, 17, 17, 17)
(2, 19, 18, 17, 17, 17, 3)
(3, 3, 3, 3, 3, 3, 3)
(19, 18, 17, 17, 17, 3, 3)
(3, 3, 3, 3, 3, 3, 3)
(18, 17, 17, 17, 3, 3, 3)
(17, 17, 17, 3, 3, 3, 17)
(17, 17, 3, 3, 3, 17, 10)
(17, 3, 3, 3, 17, 10, 18)
(3, 3, 3, 17, 10, 18, 2)
(3, 3, 17, 10, 18, 2, 19)
(3, 17, 10, 18, 2, 19, 18)
(17, 10, 18, 2, 19, 18, 17)
(10, 18, 2, 19, 18, 17, 17)
(18, 2, 19, 18, 17, 17, 17)
(2, 19, 18, 17, 17, 17, 3)
(3, 3, 3, 3, 3, 3, 3)
(19, 18, 17, 17, 17, 3, 3)
(3, 3, 3, 3, 3, 3, 3)
(18, 17, 17, 17, 3, 3, 3)
(17, 17, 17, 3, 3, 3, 17)
(17, 17, 3, 3, 3, 17, 10)
(17, 3, 3, 3, 17, 10, 18)
(3, 3, 3, 17, 10, 18, 2)
(3, 3, 17, 10, 18, 2, 19)
(3, 17, 10, 18, 2, 19, 18)
(17, 10, 18, 2, 19, 18, 17)
(10, 18, 2, 19, 18, 17, 17)
(18, 2, 19, 18, 17, 17, 17)
(2, 19, 18, 17, 17, 17, 3)
(3, 3, 3, 3, 3, 3, 3)
(19, 18, 17, 17, 17, 3, 3)
(3, 3, 3, 3, 3, 3, 3)
(18, 17, 17, 17, 3, 3, 3)
(17, 17, 17, 3, 3, 3, 17)
(17, 17, 3, 3, 3, 17, 10)
(17, 3, 3, 3, 17, 10, 18)
(3, 3, 3, 17, 10, 18, 2)
(3, 3, 17, 10, 18, 2, 19)
(3, 17, 10, 18, 2, 19, 18)
(17, 10, 18, 2, 19, 18, 17)
(10, 18, 2, 19, 18, 17, 17)
(18, 2, 19, 18, 17, 17, 17)
(2, 19, 18, 17, 17, 17, 3)
(3, 3, 3, 3, 3, 3, 3)
(19, 18, 17, 17, 17, 3, 3)
(3, 3, 3, 3, 3, 3, 3)
(18, 17, 17, 17, 3, 3, 3)
(17, 17, 17, 3, 3, 3, 17)
(17, 17, 3, 3, 3, 17, 10)
(17, 3, 3, 3, 17, 10, 18)
(3, 3, 3, 17, 10, 18, 2)
(3, 3, 17, 10, 18, 2, 19)
(3, 17, 10, 18, 2, 19, 18)
(17, 10, 18, 2, 19, 18, 17)
(10, 18, 2, 19, 18, 17, 17)
(18, 2, 19, 18, 17, 17, 17)
(2, 19, 18, 17, 17, 17, 3)
(3, 3, 3, 3, 3, 3, 3)
(19, 18, 17, 17, 17, 3, 3)
(3, 3, 3, 3, 3, 3, 3)
(18, 17, 17, 17, 3, 3, 3)
(17, 17, 17, 3, 3, 3, 17)
(17, 17, 3, 3, 3, 17, 10)
(17, 3, 3, 3, 17, 10, 18)
(3, 3, 3, 17, 10, 18, 2)
(3, 3, 17, 10, 18, 2, 19)
(3, 17, 10, 18, 2, 19, 18)
(17, 10, 18, 2, 19, 18, 17)
(10, 18, 2, 19, 18, 17, 17)
(18, 2, 19, 18, 17, 17, 17)
(2, 19, 18, 17, 17, 17, 3)
(3, 3, 3, 3, 3, 3, 3)
(19, 18, 17, 17, 17, 3, 3)
(3, 3, 3, 3, 3, 3, 3)
(18, 17, 17, 17, 3, 3, 3)
(17, 17, 17, 3, 3, 3, 17)
(17, 17, 3, 3, 3, 17, 10)
(17, 3, 3, 3, 17, 10, 18)
(3, 3, 3, 17, 10, 18, 2)
(3, 3, 17, 10, 18, 2, 19)
(3, 17, 10, 18, 2, 19, 18)
(17, 10, 18, 2, 19, 18, 17)
(10, 18, 2, 19, 18, 17, 17)
(18, 2, 19, 18, 17, 17, 17)
(2, 19, 18, 17, 17, 17, 3)
(3, 3, 3, 3, 3, 3, 3)
(19, 18, 17, 17, 17, 3, 3)
(3, 3, 3, 3, 3, 3, 3)
(18, 17, 17, 17, 3, 3, 3)
(17, 17, 17, 3, 3, 3, 17)
(17, 17, 3, 3, 3, 17, 10)
(17, 3, 3, 3, 17, 10, 18)
(3, 3, 3, 17, 10, 18, 2)
(3, 3, 17, 10, 18, 2, 19)
(3, 17, 10, 18, 2, 19, 18)
(17, 10, 18, 2, 19, 18, 17)
(10, 18, 2, 19, 18, 17, 17)
(18, 2, 19, 18, 17, 17, 17)
(2, 19, 18, 17, 17, 17, 3)
(3, 3, 3, 3, 3, 3, 3)
(19, 18, 17, 17, 17, 3, 3)
(3, 3, 3, 3, 3, 3, 3)
(18, 17, 17, 17, 3, 3, 3)
(17, 17, 17, 3, 3, 3, 17)
(17, 17, 3, 3, 3, 17, 10)
(17, 3, 3, 3, 17, 10, 18)
(3, 3, 3, 17, 10, 18, 2)
(3, 3, 17, 10, 18, 2, 19)
(3, 17, 10, 18, 2, 19, 18)
(17, 10, 18, 2, 19, 18, 17)
(10, 18, 2, 19, 18, 17, 17)
(18, 2, 19, 18, 17, 17, 17)
(2, 19, 18, 17, 17, 17, 3)
(3, 3, 3, 3, 3, 3, 3)
(19, 18, 17, 17, 17, 3, 3)
(3, 3, 3, 3, 3, 3, 3)
(18, 17, 17, 17, 3, 3, 3)
(17, 17, 17, 3, 3, 3, 17)
(17, 17, 3, 3, 3, 17, 10)
(17, 3, 3, 3, 17, 10, 18)
(3, 3, 3, 17, 10, 18, 2)
(3, 3, 17, 10, 18, 2, 19)
(3, 17, 10, 18, 2, 19, 18)
(17, 10, 18, 2, 19, 18, 17)
(10, 18, 2, 19, 18, 17, 17)
(18, 2, 19, 18, 17, 17, 17)
(2, 19, 18, 17, 17, 17, 3)
(3, 3, 3, 3, 3, 3, 3)
(19, 18, 17, 17, 17, 3, 3)
(3, 3, 3, 3, 3, 3, 3)
(18, 17, 17, 17, 3, 3, 3)
(17, 17, 17, 3, 3, 3, 17)
(17, 17, 3, 3, 3, 17, 10)
(17, 3, 3, 3, 17, 10, 18)
(3, 3, 3, 17, 10, 18, 2)
(3, 3, 17, 10, 18, 2, 19)
(3, 17, 10, 18, 2, 19, 18)
(17, 10, 18, 2, 19, 18, 17)
(10, 18, 2, 19, 18, 17, 17)
(18, 2, 19, 18, 17, 17, 17)
(2, 19, 18, 17, 17, 17, 3)
(3, 3, 3, 3, 3, 3, 3)
(19, 18, 17, 17, 17, 3, 3)
(3, 3, 3, 3, 3, 3, 3)
(18, 17, 17, 17, 3, 3, 3)
(17, 17, 17, 3, 3, 3, 17)
(17, 17, 3, 3, 3, 17, 10)
(17, 3, 3, 3, 17, 10, 18)
(3, 3, 3, 17, 10, 18, 2)
(3, 3, 17, 10, 18, 2, 19)
(3, 17, 10, 18, 2, 19, 18)
(17, 10, 18, 2, 19, 18, 17)
(10, 18, 2, 19, 18, 17, 17)
(18, 2, 19, 18, 17, 17, 17)
(2, 19, 18, 17, 17, 17, 3)
(3, 3, 3, 3, 3, 3, 3)
(19, 18, 17, 17, 17, 3, 3)
(3, 3, 3, 3, 3, 3, 3)
(18, 17, 17, 17, 3, 3, 3)
(17, 17, 17, 3, 3, 3, 17)
(17, 17, 3, 3, 3, 17, 10)
(17, 3, 3, 3, 17, 10, 18)
(3, 3, 3, 17, 10, 18, 2)
(3, 3, 17, 10, 18, 2, 19)
(3, 17, 10, 18, 2, 19, 18)
(17, 10, 18, 2, 19, 18, 17)
(10, 18, 2, 19, 18, 17, 17)
(18, 2, 19, 18, 17, 17, 17)
(2, 19, 18, 17, 17, 17, 3)
(3, 3, 3, 3, 3, 3, 3)
(19, 18, 17, 17, 17, 3, 3)
(3, 3, 3, 3, 3, 3, 3)
(18, 17, 17, 17, 3, 3, 3)
(17, 17, 17, 3, 3, 3, 17)
(17, 17, 3, 3, 3, 17, 10)
(17, 3, 3, 3, 17, 10, 18)
(3, 3, 3, 17, 10, 18, 2)
(3, 3, 17, 10, 18, 2, 19)
(3, 17, 10, 18, 2, 19, 18)
(17, 10, 18, 2, 19, 18, 17)
(10, 18, 2, 19, 18, 17, 17)
(18, 2, 19, 18, 17, 17, 17)
(2, 19, 18, 17, 17, 17, 3)
(3, 3, 3, 3, 3, 3, 3)
(19, 18, 17, 17, 17, 3, 3)
(3, 3, 3, 3, 3, 3, 3)
(18, 17, 17, 17, 3, 3, 3)
(17, 17, 17, 3, 3, 3, 17)
(17, 17, 3, 3, 3, 17, 10)
(17, 3, 3, 3, 17, 10, 18)
(3, 3, 3, 17, 10, 18, 2)
(3, 3, 17, 10, 18, 2, 19)
(3, 17, 10, 18, 2, 19, 18)
(17, 10, 18, 2, 19, 18, 17)
(10, 18, 2, 19, 18, 17, 17)
(18, 2, 19, 18, 17, 17, 17)
(2, 19, 18, 17, 17, 17, 3)
(3, 3, 3, 3, 3, 3, 3)
(19, 18, 17, 17, 17, 3, 3)
(3, 3, 3, 3, 3, 3, 3)
(18, 17, 17, 17, 3, 3, 3)
(17, 17, 17, 3, 3, 3, 17)
(17, 17, 3, 3, 3, 17, 10)
(17, 3, 3, 3, 17, 10, 18)
(3, 3, 3, 17, 10, 18, 2)
(3, 3, 17, 10, 18, 2, 19)
(3, 17, 10, 18, 2, 19, 18)
(17, 10, 18, 2, 19, 18, 17)
(10, 18, 2, 19, 18, 17, 17)
(18, 2, 19, 18, 17, 17, 17)
(2, 19, 18, 17, 17, 17, 3)
(3, 3, 3, 3, 3, 3, 3)
(19, 18, 17, 17, 17, 3, 3)
(3, 3, 3, 3, 3, 3, 3)
(18, 17, 17, 17, 3, 3, 3)
(17, 17, 17, 3, 3, 3, 17)
(17, 17, 3, 3, 3, 17, 10)
(17, 3, 3, 3, 17, 10, 18)
(3, 3, 3, 17, 10, 18, 2)
(3, 3, 17, 10, 18, 2, 19)
(3, 17, 10, 18, 2, 19, 18)
(17, 10, 18, 2, 19, 18, 17)
(10, 18, 2, 19, 18, 17, 17)
(18, 2, 19, 18, 17, 17, 17)
(2, 19, 18, 17, 17, 17, 3)
(3, 3, 3, 3, 3, 3, 3)
(19, 18, 17, 17, 17, 3, 3)
(3, 3, 3, 3, 3, 3, 3)
(18, 17, 17, 17, 3, 3, 3)
(17, 17, 17, 3, 3, 3, 17)
(17, 17, 3, 3, 3, 17, 10)
(17, 3, 3, 3, 17, 10, 18)
(3, 3, 3, 17, 10, 18, 2)
(3, 3, 17, 10, 18, 2, 19)
(3, 17, 10, 18, 2, 19, 18)
(17, 10, 18, 2, 19, 18, 17)
(10, 18, 2, 19, 18, 17, 17)
(18, 2, 19, 18, 17, 17, 17)
(2, 19, 18, 17, 17, 17, 3)
(3, 3, 3, 3, 3, 3, 3)
(19, 18, 17, 17, 17, 3, 3)
(3, 3, 3, 3, 3, 3, 3)
(18, 17, 17, 17, 3, 3, 3)
(17, 17, 17, 3, 3, 3, 17)
(17, 17, 3, 3, 3, 17, 10)
(17, 3, 3, 3, 17, 10, 18)
(3, 3, 3, 17, 10, 18, 2)
(3, 3, 17, 10, 18, 2, 19)
(3, 17, 10, 18, 2, 19, 18)
(17, 10, 18, 2, 19, 18, 17)
(10, 18, 2, 19, 18, 17, 17)
(18, 2, 19, 18, 17, 17, 17)
(2, 19, 18, 17, 17, 17, 3)
(3, 3, 3, 3, 3, 3, 3)
(19, 18, 17, 17, 17, 3, 3)
(3, 3, 3, 3, 3, 3, 3)
(18, 17, 17, 17, 3, 3, 3)
(17, 17, 17, 3, 3, 3, 17)
(17, 17, 3, 3, 3, 17, 10)
(17, 3, 3, 3, 17, 10, 18)
(3, 3, 3, 17, 10, 18, 2)
(3, 3, 17, 10, 18, 2, 19)
(3, 17, 10, 18, 2, 19, 18)
(17, 10, 18, 2, 19, 18, 17)
(10, 18, 2, 19, 18, 17, 17)
(18, 2, 19, 18, 17, 17, 17)
(2, 19, 18, 17, 17, 17, 3)
(3, 3, 3, 3, 3, 3, 3)
(19, 18, 17, 17, 17, 3, 3)
(3, 3, 3, 3, 3, 3, 3)
(18, 17, 17, 17, 3, 3, 3)
(17, 17, 17, 3, 3, 3, 17)
(17, 17, 3, 3, 3, 17, 10)
(17, 3, 3, 3, 17, 10, 18)
(3, 3, 3, 17, 10, 18, 2)
(3, 3, 17, 10, 18, 2, 19)
(3, 17, 10, 18, 2, 19, 18)
(17, 10, 18, 2, 19, 18, 17)
(10, 18, 2, 19, 18, 17, 17)
(18, 2, 19, 18, 17, 17, 17)
(2, 19, 18, 17, 17, 17, 3)
(3, 3, 3, 3, 3, 3, 3)
(19, 18, 17, 17, 17, 3, 3)
(3, 3, 3, 3, 3, 3, 3)
(18, 17, 17, 17, 3, 3, 3)
(17, 17, 17, 3, 3, 3, 17)
(17, 17, 3, 3, 3, 17, 10)
(17, 3, 3, 3, 17, 10, 18)
(3, 3, 3, 17, 10, 18, 2)
(3, 3, 17, 10, 18, 2, 19)
(3, 17, 10, 18, 2, 19, 18)
(17, 10, 18, 2, 19, 18, 17)
(10, 18, 2, 19, 18, 17, 17)
(18, 2, 19, 18, 17, 17, 17)
(2, 19, 18, 17, 17, 17, 3)
(3, 3, 3, 3, 3, 3, 3)
(19, 18, 17, 17, 17, 3, 3)
(3, 3, 3, 3, 3, 3, 3)
(18, 17, 17, 17, 3, 3, 3)
(17, 17, 17, 3, 3, 3, 17)
(17, 17, 3, 3, 3, 17, 10)
(17, 3, 3, 3, 17, 10, 18)
(3, 3, 3, 17, 10, 18, 2)
(3, 3, 17, 10, 18, 2, 19)
(3, 17, 10, 18, 2, 19, 18)
(17, 10, 18, 2, 19, 18, 17)
(10, 18, 2, 19, 18, 17, 17)
(18, 2, 19, 18, 17, 17, 17)
(2, 19, 18, 17, 17, 17, 3)
(3, 3, 3, 3, 3, 3, 3)
(19, 18, 17, 17, 17, 3, 3)
(3, 3, 3, 3, 3, 3, 3)
(18, 17, 17, 17, 3, 3, 3)
(17, 17, 17, 3, 3, 3, 17)
(17, 17, 3, 3, 3, 17, 10)
(17, 3, 3, 3, 17, 10, 18)
(3, 3, 3, 17, 10, 18, 2)
(3, 3, 17, 10, 18, 2, 19)
(3, 17, 10, 18, 2, 19, 18)
(17, 10, 18, 2, 19, 18, 17)
(10, 18, 2, 19, 18, 17, 17)
(18, 2, 19, 18, 17, 17, 17)
(2, 19, 18, 17, 17, 17, 3)
(3, 3, 3, 3, 3, 3, 3)
(19, 18, 17, 17, 17, 3, 3)
(3, 3, 3, 3, 3, 3, 3)
(18, 17, 17, 17, 3, 3, 3)
(17, 17, 17, 3, 3, 3, 17)
(17, 17, 3, 3, 3, 17, 10)
(17, 3, 3, 3, 17, 10, 18)
(3, 3, 3, 17, 10, 18, 2)
(3, 3, 17, 10, 18, 2, 19)
(3, 17, 10, 18, 2, 19, 18)
(17, 10, 18, 2, 19, 18, 17)
(10, 18, 2, 19, 18, 17, 17)
(18, 2, 19, 18, 17, 17, 17)
(2, 19, 18, 17, 17, 17, 3)
(3, 3, 3, 3, 3, 3, 3)
(19, 18, 17, 17, 17, 3, 3)
(3, 3, 3, 3, 3, 3, 3)
(18, 17, 17, 17, 3, 3, 3)
(17, 17, 17, 3, 3, 3, 17)
(17, 17, 3, 3, 3, 17, 10)
(17, 3, 3, 3, 17, 10, 18)
(3, 3, 3, 17, 10, 18, 2)
(3, 3, 17, 10, 18, 2, 19)
(3, 17, 10, 18, 2, 19, 18)
(17, 10, 18, 2, 19, 18, 17)
(10, 18, 2, 19, 18, 17, 17)
(18, 2, 19, 18, 17, 17, 17)
(2, 19, 18, 17, 17, 17, 3)
(3, 3, 3, 3, 3, 3, 3)
(19, 18, 17, 17, 17, 3, 3)
(3, 3, 3, 3, 3, 3, 3)
(18, 17, 17, 17, 3, 3, 3)
(17, 17, 17, 3, 3, 3, 17)
(17, 17, 3, 3, 3, 17, 10)
(17, 3, 3, 3, 17, 10, 18)
(3, 3, 3, 17, 10, 18, 2)
(3, 3, 17, 10, 18, 2, 19)
(3, 17, 10, 18, 2, 19, 18)
(17, 10, 18, 2, 19, 18, 17)
(10, 18, 2, 19, 18, 17, 17)
(18, 2, 19, 18, 17, 17, 17)
(2, 19, 18, 17, 17, 17, 3)
(3, 3, 3, 3, 3, 3, 3)
(19, 18, 17, 17, 17, 3, 3)
(3, 3, 3, 3, 3, 3, 3)
(18, 17, 17, 17, 3, 3, 3)
(17, 17, 17, 3, 3, 3, 17)
(17, 17, 3, 3, 3, 17, 10)
(17, 3, 3, 3, 17, 10, 18)
(3, 3, 3, 17, 10, 18, 2)
(3, 3, 17, 10, 18, 2, 19)
(3, 17, 10, 18, 2, 19, 18)
(17, 10, 18, 2, 19, 18, 17)
(10, 18, 2, 19, 18, 17, 17)
(18, 2, 19, 18, 17, 17, 17)
(2, 19, 18, 17, 17, 17, 3)
(3, 3, 3, 3, 3, 3, 3)
(19, 18, 17, 17, 17, 3, 3)
(3, 3, 3, 3, 3, 3, 3)
(18, 17, 17, 17, 3, 3, 3)
(17, 17, 17, 3, 3, 3, 4)
(17, 17, 3, 3, 3, 4, 17)
(17, 3, 3, 3, 4, 17, 10)
(3, 3, 3, 4, 17, 10, 18)
(3, 3, 4, 17, 10, 18, 2)
(3, 4, 17, 10, 18, 2, 19)
(4, 17, 10, 18, 2, 19, 18)
(17, 10, 18, 2, 19, 18, 17)
(10, 18, 2, 19, 18, 17, 17)
(18, 2, 19, 18, 17, 17, 17)
(2, 19, 18, 17, 17, 17, 3)
(3, 3, 3, 3, 3, 3, 3)
(19, 18, 17, 17, 17, 3, 3)
(3, 3, 3, 3, 3, 3, 3)
(3, 3, 3, 3, 3, 3, 2)
(3, 3, 3, 3, 3, 2, 1)
(18, 17, 17, 17, 3, 3, 3)
(17, 17, 17, 3, 3, 3, 3)
(3, 3, 3, 3, 2, 1, 3)
(17, 17, 3, 3, 3, 3, 3)
(3, 3, 3, 2, 1, 3, 3)
(18, 17, 17, 17, 3, 3, 3)
(17, 17, 17, 3, 3, 3, 3)
(3, 3, 2, 1, 3, 3, 3)
(17, 17, 3, 3, 3, 3, 3)
(3, 2, 1, 3, 3, 3, 3)
(18, 17, 17, 17, 3, 3, 3)
(17, 17, 17, 3, 3, 3, 3)
(2, 1, 3, 3, 3, 3, 3)
(17, 17, 3, 3, 3, 3, 3)
(1, 3, 3, 3, 3, 3, 3)
(18, 17, 17, 17, 3, 3, 3)
(17, 17, 17, 3, 3, 3, 3)
(3, 3, 3, 3, 3, 3, 3)
(17, 17, 3, 3, 3, 3, 3)
(3, 3, 3, 3, 3, 3, 3)
(17, 3, 3, 3, 3, 3, 3)
(3, 3, 3, 3, 3, 3, 3)
(3, 3, 3, 3, 3, 3, 3)
(3, 3, 3, 3, 3, 3, 3)
(3, 3, 3, 3, 3, 3, 3)
(17, 3, 3, 3, 3, 3, 3)
(3, 3, 3, 3, 3, 3, 3)
(3, 3, 3, 3, 3, 3, 3)
(3, 3, 3, 3, 3, 3, 3)
(3, 3, 3, 3, 3, 3, 3)
(17, 3, 3, 3, 3, 3, 3)
(3, 3, 3, 3, 3, 3, 3)
(3, 3, 3, 3, 3, 3, 3)
(3, 3, 3, 3, 3, 3, 3)
(3, 3, 3, 3, 3, 3, 3)
(17, 3, 3, 3, 3, 3, 3)
(3, 3, 3, 3, 3, 3, 3)
(3, 3, 3, 3, 3, 3, 3)
(3, 3, 3, 3, 3, 3, 3)
(3, 3, 3, 3, 3, 3, 3)
(3, 3, 3, 3, 3, 3, 3)
(3, 3, 3, 3, 3, 3, 3)
(3, 3, 3, 3, 3, 3, 3)
(3, 3, 3, 3, 3, 3, 3)
(3, 3, 3, 3, 3, 3, 3)
(3, 3, 3, 3, 3, 3, 3)
(3, 3, 3, 3, 3, 3, 3)
(3, 3, 3, 3, 3, 3, 3)
(3, 3, 3, 3, 3, 3, 3)
(3, 3, 3, 3, 3, 3, 3)
(3, 3, 3, 3, 3, 3, 3)
(3, 3, 3, 3, 3, 3, 3)
(3, 3, 3, 3, 3, 3, 3)
(3, 3, 3, 3, 3, 3, 3)
(3, 3, 3, 3, 3, 3, 3)
(3, 3, 3, 3, 3, 3, 3)
(3, 3, 3, 3, 3, 3, 3)
(3, 3, 3, 3, 3, 3, 3)
(3, 3, 3, 3, 3, 3, 3)
(3, 3, 3, 3, 3, 3, 3)
(3, 3, 3, 3, 3, 3, 3)
(3, 3, 3, 3, 3, 3, 3)
(3, 3, 3, 3, 3, 3, 3)
(3, 3, 3, 3, 3, 3, 3)
(3, 3, 3, 3, 3, 3, 3)
(3, 3, 3, 3, 3, 3, 3)
(3, 3, 3, 3, 3, 3, 3)
(3, 3, 3, 3, 3, 3, 3)
(3, 3, 3, 3, 3, 3, 3)
(3, 3, 3, 3, 3, 3, 3)
(3, 3, 3, 3, 3, 3, 3)
(3, 3, 3, 3, 3, 3, 3)
(3, 3, 3, 3, 3, 3, 3)
(3, 3, 3, 3, 3, 3, 3)
(3, 3, 3, 3, 3, 3, 3)
(3, 3, 3, 3, 3, 3, 3)
(3, 3, 3, 3, 3, 3, 3)
(3, 3, 3, 3, 3, 3, 3)
(3, 3, 3, 3, 3, 3, 3)
(3, 3, 3, 3, 3, 3, 3)
(3, 3, 3, 3, 3, 3, 3)
(3, 3, 3, 3, 3, 3, 3)
(3, 3, 3, 3, 3, 3, 3)
(3, 3, 3, 3, 3, 3, 3)
(3, 3, 3, 3, 3, 3, 3)
(3, 3, 3, 3, 3, 3, 14)
(3, 3, 3, 3, 3, 14, 14)
(3, 3, 3, 3, 14, 14, 14)
(3, 3, 3, 14, 14, 14, 14)
(3, 3, 14, 14, 14, 14, 14)
(3, 14, 14, 14, 14, 14, 14)
(14, 14, 14, 14, 14, 14, 14)
(14, 14, 14, 14, 14, 14, 14)
(14, 14, 14, 14, 14, 14, 14)
(14, 14, 14, 14, 14, 14, 14)
(14, 14, 14, 14, 14, 14, 14)
(14, 14, 14, 14, 14, 14, 14)
(14, 14, 14, 14, 14, 14, 14)
(14, 14, 14, 14, 14, 14, 14)
(14, 14, 14, 14, 14, 14, 14)
(14, 14, 14, 14, 14, 14, 14)
(14, 14, 14, 14, 14, 14, 14)
(14, 14, 14, 14, 14, 14, 14)
(14, 14, 14, 14, 14, 14, 14)
(14, 14, 14, 14, 14, 14, 14)
(14, 14, 14, 14, 14, 14, 14)
(14, 14, 14, 14, 14, 14, 14)
(14, 14, 14, 14, 14, 14, 14)
(14, 14, 14, 14, 14, 14, 14)
(14, 14, 14, 14, 14, 14, 14)
(14, 14, 14, 14, 14, 14, 14)
(14, 14, 14, 14, 14, 14, 14)
(14, 14, 14, 14, 14, 14, 14)
(14, 14, 14, 14, 14, 14, 14)
(14, 14, 14, 14, 14, 14, 14)
(14, 14, 14, 14, 14, 14, 14)
(14, 14, 14, 14, 14, 14, 14)
(14, 14, 14, 14, 14, 14, 14)
(14, 14, 14, 14, 14, 14, 14)
(3, 3, 3, 3, 3, 3, 3)
(3, 3, 3, 3, 3, 3, 3)
(14, 14, 14, 14, 14, 14, 3)
(3, 3, 3, 3, 3, 3, 3)
(14, 14, 14, 14, 14, 3, 3)
(3, 3, 3, 3, 3, 3, 3)
(3, 3, 3, 3, 3, 3, 3)
(14, 14, 14, 14, 3, 3, 3)
(3, 3, 3, 3, 3, 3, 3)
(14, 14, 14, 3, 3, 3, 3)
(3, 3, 3, 3, 3, 3, 3)
(3, 3, 3, 3, 3, 3, 3)
(14, 14, 3, 3, 3, 3, 3)
(3, 3, 3, 3, 3, 3, 3)
(14, 3, 3, 3, 3, 3, 3)
(3, 3, 3, 3, 3, 3, 3)
(3, 3, 3, 3, 3, 3, 3)
(3, 3, 3, 3, 3, 3, 3)
(3, 3, 3, 3, 3, 3, 3)
(3, 3, 3, 3, 3, 3, 3)
(3, 3, 3, 3, 3, 3, 3)
(3, 3, 3, 3, 3, 3, 3)
(3, 3, 3, 3, 3, 3, 3)
(3, 3, 3, 3, 3, 3, 3)
(3, 3, 3, 3, 3, 3, 3)
(3, 3, 3, 3, 3, 3, 3)
(3, 3, 3, 3, 3, 3, 3)
(3, 3, 3, 3, 3, 3, 3)
(3, 3, 3, 3, 3, 3, 3)
(3, 3, 3, 3, 3, 3, 3)
(3, 3, 3, 3, 3, 3, 3)
(3, 3, 3, 3, 3, 3, 3)
(3, 3, 3, 3, 3, 3, 3)
(3, 3, 3, 3, 3, 3, 3)
(3, 3, 3, 3, 3, 3, 3)
(3, 3, 3, 3, 3, 3, 3)
(3, 3, 3, 3, 3, 3, 3)
(3, 3, 3, 3, 3, 3, 3)
(3, 3, 3, 3, 3, 3, 3)
(3, 3, 3, 3, 3, 3, 3)
(3, 3, 3, 3, 3, 3, 3)
(3, 3, 3, 3, 3, 3, 3)
(3, 3, 3, 3, 3, 3, 3)
(3, 3, 3, 3, 3, 3, 3)
(3, 3, 3, 3, 3, 3, 3)
(3, 3, 3, 3, 3, 3, 3)
(3, 3, 3, 3, 3, 3, 3)
(3, 3, 3, 3, 3, 3, 3)
(3, 3, 3, 3, 3, 3, 3)
(3, 3, 3, 3, 3, 3, 3)
(3, 3, 3, 3, 3, 3, 3)
(3, 3, 3, 3, 3, 3, 3)
(3, 3, 3, 3, 3, 3, 3)
(3, 3, 3, 3, 3, 3, 3)
(3, 3, 3, 3, 3, 3, 3)
(3, 3, 3, 3, 3, 3, 3)
(3, 3, 3, 3, 3, 3, 3)
(3, 3, 3, 3, 3, 3, 3)
(3, 3, 3, 3, 3, 3, 3)
(3, 3, 3, 3, 3, 3, 3)
(3, 3, 3, 3, 3, 3, 3)
(3, 3, 3, 3, 3, 3, 3)
(3, 3, 3, 3, 3, 3, 3)
(3, 3, 3, 3, 3, 3, 3)
(3, 3, 3, 3, 3, 3, 3)
(3, 3, 3, 3, 3, 3, 3)
(3, 3, 3, 3, 3, 3, 3)
(3, 3, 3, 3, 3, 3, 3)
(3, 3, 3, 3, 3, 3, 3)
(3, 3, 3, 3, 3, 3, 3)
(3, 3, 3, 3, 3, 3, 3)
(3, 3, 3, 3, 3, 3, 4)
(3, 3, 3, 3, 3, 4, 3)
(3, 3, 3, 3, 3, 3, 3)
(3, 3, 3, 3, 4, 3, 3)
(3, 3, 3, 3, 3, 3, 3)
(3, 3, 3, 3, 3, 3, 14)
(3, 3, 3, 3, 3, 14, 14)
(3, 3, 3, 3, 14, 14, 14)
(3, 3, 3, 14, 14, 14, 14)
(3, 3, 14, 14, 14, 14, 14)
(3, 14, 14, 14, 14, 14, 14)
(14, 14, 14, 14, 14, 14, 14)
(14, 14, 14, 14, 14, 14, 14)
(14, 14, 14, 14, 14, 14, 14)
(14, 14, 14, 14, 14, 14, 14)
(14, 14, 14, 14, 14, 14, 14)
(14, 14, 14, 14, 14, 14, 14)
(14, 14, 14, 14, 14, 14, 14)
(14, 14, 14, 14, 14, 14, 14)
(14, 14, 14, 14, 14, 14, 14)
(14, 14, 14, 14, 14, 14, 14)
(14, 14, 14, 14, 14, 14, 14)
(14, 14, 14, 14, 14, 14, 14)
(14, 14, 14, 14, 14, 14, 14)
(14, 14, 14, 14, 14, 14, 14)
(14, 14, 14, 14, 14, 14, 14)
(14, 14, 14, 14, 14, 14, 14)
(14, 14, 14, 14, 14, 14, 14)
(14, 14, 14, 14, 14, 14, 14)
(14, 14, 14, 14, 14, 14, 14)
(14, 14, 14, 14, 14, 14, 14)
(14, 14, 14, 14, 14, 14, 14)
(14, 14, 14, 14, 14, 14, 14)
(14, 14, 14, 14, 14, 14, 14)
(14, 14, 14, 14, 14, 14, 14)
(3, 3, 3, 3, 3, 3, 3)
(3, 3, 3, 3, 3, 3, 3)
(14, 14, 14, 14, 14, 14, 3)
(3, 3, 3, 3, 3, 3, 3)
(3, 3, 3, 3, 3, 3, 3)
(14, 14, 14, 14, 14, 3, 3)
(3, 3, 3, 3, 3, 3, 3)
(14, 14, 14, 14, 3, 3, 3)
(14, 14, 14, 3, 3, 3, 2)
(3, 3, 3, 3, 3, 3, 3)
(3, 3, 3, 3, 3, 3, 4)
(3, 3, 3, 3, 3, 4, 6)
(3, 3, 3, 3, 4, 6, 3)
(14, 14, 3, 3, 3, 2, 1)
(14, 3, 3, 3, 2, 1, 3)
(3, 3, 3, 2, 1, 3, 2)
(3, 3, 2, 1, 3, 2, 1)
(3, 2, 1, 3, 2, 1, 1)
(2, 1, 3, 2, 1, 1, 1)
(1, 3, 2, 1, 1, 1, 1)
(3, 2, 1, 1, 1, 1, 2)
(2, 1, 1, 1, 1, 2, 6)
(1, 1, 1, 1, 2, 6, 7)
(1, 1, 1, 2, 6, 7, 6)
(1, 1, 2, 6, 7, 6, 5)
(1, 2, 6, 7, 6, 5, 2)
(2, 6, 7, 6, 5, 2, 6)
(6, 7, 6, 5, 2, 6, 7)
(7, 6, 5, 2, 6, 7, 6)
(6, 5, 2, 6, 7, 6, 5)
(5, 2, 6, 7, 6, 5, 2)
(2, 6, 7, 6, 5, 2, 25)
(6, 7, 6, 5, 2, 25, 6)
(7, 6, 5, 2, 25, 6, 7)
(6, 5, 2, 25, 6, 7, 6)
(5, 2, 25, 6, 7, 6, 5)
(2, 25, 6, 7, 6, 5, 2)
(25, 6, 7, 6, 5, 2, 6)
(6, 7, 6, 5, 2, 6, 7)
(7, 6, 5, 2, 6, 7, 6)
(6, 5, 2, 6, 7, 6, 5)
(5, 2, 6, 7, 6, 5, 2)
(2, 6, 7, 6, 5, 2, 6)
(6, 7, 6, 5, 2, 6, 7)
(7, 6, 5, 2, 6, 7, 6)
(6, 5, 2, 6, 7, 6, 5)
(5, 2, 6, 7, 6, 5, 2)
(2, 6, 7, 6, 5, 2, 25)
(6, 7, 6, 5, 2, 25, 6)
(7, 6, 5, 2, 25, 6, 7)
(6, 5, 2, 25, 6, 7, 6)
(5, 2, 25, 6, 7, 6, 5)
(2, 25, 6, 7, 6, 5, 2)
(25, 6, 7, 6, 5, 2, 6)
(6, 7, 6, 5, 2, 6, 7)
(7, 6, 5, 2, 6, 7, 6)
(6, 5, 2, 6, 7, 6, 5)
(5, 2, 6, 7, 6, 5, 2)
(2, 6, 7, 6, 5, 2, 6)
(6, 7, 6, 5, 2, 6, 7)
(7, 6, 5, 2, 6, 7, 6)
(6, 5, 2, 6, 7, 6, 5)
(5, 2, 6, 7, 6, 5, 2)
(2, 6, 7, 6, 5, 2, 25)
(6, 7, 6, 5, 2, 25, 6)
(7, 6, 5, 2, 25, 6, 7)
(6, 5, 2, 25, 6, 7, 6)
(5, 2, 25, 6, 7, 6, 5)
(2, 25, 6, 7, 6, 5, 2)
(25, 6, 7, 6, 5, 2, 6)
