(17, 17, 3, 3, 3, 3, 3)
(3, 2, 1, 3, 3, 3, 3)
(18, 17, 17, 17, 3, 3, 3)
(17, 17, 17, 3, 3, 3, 3)
(2, 1, 3, 3, 3, 3, 3)
(17, 17, 3, 3, 3, 3, 3)
(1, 3, 3, 3, 3, 3, 3)
(18, 17, 17, 17, 3, 3, 3)
(17, 17, 17, 3, 3, 3, 3)
(3, 3, 3, 3, 3, 3, 3)
(17, 17, 3, 3, 3, 3, 3)
(3, 3, 3, 3, 3, 3, 3)
(17, 3, 3, 3, 3, 3, 3)
(3, 3, 3, 3, 3, 3, 3)
(3, 3, 3, 3, 3, 3, 3)
(3, 3, 3, 3, 3, 3, 3)
(3, 3, 3, 3, 3, 3, 3)
(17, 3, 3, 3, 3, 3, 3)
(3, 3, 3, 3, 3, 3, 4)
(3, 3, 3, 3, 3, 4, 3)
(3, 3, 3, 3, 3, 3, 3)
(3, 3, 3, 3, 4, 3, 3)
(3, 3, 3, 3, 3, 3, 3)
(3, 3, 3, 3, 3, 3, 2)
(3, 3, 3, 3, 3, 2, 1)
(17, 3, 3, 3, 3, 3, 3)
(3, 3, 3, 3, 3, 3, 17)
(3, 3, 3, 3, 3, 17, 10)
(3, 3, 3, 3, 17, 10, 18)
(3, 3, 3, 17, 10, 18, 2)
(3, 3, 17, 10, 18, 2, 19)
(3, 17, 10, 18, 2, 19, 18)
(17, 10, 18, 2, 19, 18, 17)
(10, 18, 2, 19, 18, 17, 17)
(18, 2, 19, 18, 17, 17, 17)
(2, 19, 18, 17, 17, 17, 3)
(3, 3, 3, 3, 2, 1, 3)
(19, 18, 17, 17, 17, 3, 3)
(3, 3, 3, 2, 1, 3, 3)
(17, 3, 3, 3, 3, 3, 3)
(3, 3, 3, 3, 3, 3, 17)
(3, 3, 3, 3, 3, 17, 10)
(3, 3, 3, 3, 17, 10, 18)
(3, 3, 3, 17, 10, 18, 2)
(3, 3, 17, 10, 18, 2, 19)
(3, 17, 10, 18, 2, 19, 18)
(17, 10, 18, 2, 19, 18, 17)
(10, 18, 2, 19, 18, 17, 17)
(18, 2, 19, 18, 17, 17, 17)
(2, 19, 18, 17, 17, 17, 3)
(3, 3, 2, 1, 3, 3, 3)
(19, 18, 17, 17, 17, 3, 3)
(3, 2, 1, 3, 3, 3, 3)
(3, 3, 3, 3, 3, 3, 3)
(3, 3, 3, 3, 3, 3, 17)
(3, 3, 3, 3, 3, 17, 10)
(3, 3, 3, 3, 17, 10, 18)
(3, 3, 3, 17, 10, 18, 2)
(3, 3, 17, 10, 18, 2, 19)
(3, 17, 10, 18, 2, 19, 18)
(17, 10, 18, 2, 19, 18, 17)
(10, 18, 2, 19, 18, 17, 17)
(18, 2, 19, 18, 17, 17, 17)
(2, 19, 18, 17, 17, 17, 3)
(2, 1, 3, 3, 3, 3, 3)
(19, 18, 17, 17, 17, 3, 3)
(1, 3, 3, 3, 3, 3, 3)
(3, 3, 3, 4, 3, 3, 3)
(3, 3, 4, 3, 3, 3, 17)
(3, 4, 3, 3, 3, 17, 10)
(4, 3, 3, 3, 17, 10, 18)
(3, 3, 3, 17, 10, 18, 2)
(3, 3, 17, 10, 18, 2, 19)
(3, 17, 10, 18, 2, 19, 18)
(17, 10, 18, 2, 19, 18, 17)
(10, 18, 2, 19, 18, 17, 17)
(18, 2, 19, 18, 17, 17, 17)
(2, 19, 18, 17, 17, 17, 3)
(3, 3, 3, 3, 3, 3, 3)
(19, 18, 17, 17, 17, 3, 3)
(3, 3, 3, 3, 3, 3, 3)
(18, 17, 17, 17, 3, 3, 3)
(17, 17, 17, 3, 3, 3, 17)
(17, 17, 3, 3, 3, 17, 10)
(17, 3, 3, 3, 17, 10, 18)
(3, 3, 3, 17, 10, 18, 2)
(3, 3, 17, 10, 18, 2, 19)
(3, 17, 10, 18, 2, 19, 18)
(17, 10, 18, 2, 19, 18, 17)
(10, 18, 2, 19, 18, 17, 17)
(18, 2, 19, 18, 17, 17, 17)
(2, 19, 18, 17, 17, 17, 3)
(3, 3, 3, 3, 3, 3, 3)
(19, 18, 17, 17, 17, 3, 3)
(3, 3, 3, 3, 3, 3, 3)
(18, 17, 17, 17, 3, 3, 3)
(17, 17, 17, 3, 3, 3, 4)
(17, 17, 3, 3, 3, 4, 17)
(17, 3, 3, 3, 4, 17, 10)
(3, 3, 3, 4, 17, 10, 18)
(3, 3, 4, 17, 10, 18, 2)
(3, 4, 17, 10, 18, 2, 19)
(4, 17, 10, 18, 2, 19, 18)
(17, 10, 18, 2, 19, 18, 17)
(10, 18, 2, 19, 18, 17, 17)
(18, 2, 19, 18, 17, 17, 17)
(2, 19, 18, 17, 17, 17, 3)
(3, 3, 3, 3, 3, 3, 3)
(19, 18, 17, 17, 17, 3, 3)
(3, 3, 3, 3, 3, 3, 3)
(3, 3, 3, 3, 3, 3, 2)
(3, 3, 3, 3, 3, 2, 1)
(18, 17, 17, 17, 3, 3, 3)
(17, 17, 17, 3, 3, 3, 3)
(3, 3, 3, 3, 2, 1, 3)
(17, 17, 3, 3, 3, 3, 3)
(3, 3, 3, 2, 1, 3, 3)
(18, 17, 17, 17, 3, 3, 3)
(17, 17, 17, 3, 3, 3, 3)
(3, 3, 2, 1, 3, 3, 3)
(17, 17, 3, 3, 3, 3, 3)
(3, 2, 1, 3, 3, 3, 3)
(18, 17, 17, 17, 3, 3, 3)
(17, 17, 17, 3, 3, 3, 3)
(2, 1, 3, 3, 3, 3, 3)
(17, 17, 3, 3, 3, 3, 3)
(1, 3, 3, 3, 3, 3, 3)
(18, 17, 17, 17, 3, 3, 3)
(17, 17, 17, 3, 3, 3, 3)
(3, 3, 3, 3, 3, 3, 3)
(17, 17, 3, 3, 3, 3, 3)
(3, 3, 3, 3, 3, 3, 3)
(17, 3, 3, 3, 3, 3, 3)
(3, 3, 3, 3, 3, 3, 3)
(3, 3, 3, 3, 3, 3, 3)
(3, 3, 3, 3, 3, 3, 3)
(3, 3, 3, 3, 3, 3, 3)
(17, 3, 3, 3, 3, 3, 3)
(3, 3, 3, 3, 3, 3, 4)
(3, 3, 3, 3, 3, 4, 3)
(3, 3, 3, 3, 3, 3, 3)
(3, 3, 3, 3, 4, 3, 3)
(3, 3, 3, 3, 3, 3, 3)
(3, 3, 3, 3, 3, 3, 14)
(3, 3, 3, 3, 3, 14, 14)
(3, 3, 3, 3, 14, 14, 14)
(3, 3, 3, 14, 14, 14, 14)
(3, 3, 14, 14, 14, 14, 14)
(3, 14, 14, 14, 14, 14, 14)
(14, 14, 14, 14, 14, 14, 14)
(14, 14, 14, 14, 14, 14, 14)
(14, 14, 14, 14, 14, 14, 14)
(14, 14, 14, 14, 14, 14, 14)
(14, 14, 14, 14, 14, 14, 14)
(14, 14, 14, 14, 14, 14, 14)
(14, 14, 14, 14, 14, 14, 1)
(14, 14, 14, 14, 14, 1, 1)
(14, 14, 14, 14, 1, 1, 1)
(14, 14, 14, 1, 1, 1, 1)
(14, 14, 1, 1, 1, 1, 1)
(14, 1, 1, 1, 1, 1, 1)
(1, 1, 1, 1, 1, 1, 1)
(1, 1, 1, 1, 1, 1, 1)
(1, 1, 1, 1, 1, 1, 1)
(1, 1, 1, 1, 1, 1, 1)
(1, 1, 1, 1, 1, 1, 1)
(1, 1, 1, 1, 1, 1, 1)
(1, 1, 1, 1, 1, 1, 1)
(1, 1, 1, 1, 1, 1, 1)
(1, 1, 1, 1, 1, 1, 1)
(1, 1, 1, 1, 1, 1, 1)
(1, 1, 1, 1, 1, 1, 1)
(1, 1, 1, 1, 1, 1, 1)
(1, 1, 1, 1, 1, 1, 1)
(1, 1, 1, 1, 1, 1, 1)
(1, 1, 1, 1, 1, 1, 1)
(1, 1, 1, 1, 1, 1, 1)
(1, 1, 1, 1, 1, 1, 1)
(1, 1, 1, 1, 1, 1, 1)
(1, 1, 1, 1, 1, 1, 1)
(1, 1, 1, 1, 1, 1, 1)
(1, 1, 1, 1, 1, 1, 1)
(1, 1, 1, 1, 1, 1, 1)
(1, 1, 1, 1, 1, 1, 1)
(1, 1, 1, 1, 1, 1, 1)
(1, 1, 1, 1, 1, 1, 1)
(1, 1, 1, 1, 1, 1, 1)
(1, 1, 1, 1, 1, 1, 1)
(1, 1, 1, 1, 1, 1, 1)
(1, 1, 1, 1, 1, 1, 1)
(1, 1, 1, 1, 1, 1, 1)
(1, 1, 1, 1, 1, 1, 1)
(1, 1, 1, 1, 1, 1, 1)
(1, 1, 1, 1, 1, 1, 1)
(1, 1, 1, 1, 1, 1, 1)
(1, 1, 1, 1, 1, 1, 1)
(1, 1, 1, 1, 1, 1, 1)
(1, 1, 1, 1, 1, 1, 1)
(1, 1, 1, 1, 1, 1, 1)
(1, 1, 1, 1, 1, 1, 1)
(1, 1, 1, 1, 1, 1, 1)
(1, 1, 1, 1, 1, 1, 1)
(1, 1, 1, 1, 1, 1, 1)
(1, 1, 1, 1, 1, 1, 1)
(1, 1, 1, 1, 1, 1, 1)
(1, 1, 1, 1, 1, 1, 1)
(1, 1, 1, 1, 1, 1, 1)
(1, 1, 1, 1, 1, 1, 1)
(1, 1, 1, 1, 1, 1, 1)
(1, 1, 1, 1, 1, 1, 1)
(1, 1, 1, 1, 1, 1, 1)
(1, 1, 1, 1, 1, 1, 1)
(1, 1, 1, 1, 1, 1, 1)
(1, 1, 1, 1, 1, 1, 1)
(1, 1, 1, 1, 1, 1, 1)
(1, 1, 1, 1, 1, 1, 1)
(1, 1, 1, 1, 1, 1, 1)
(1, 1, 1, 1, 1, 1, 1)
(1, 1, 1, 1, 1, 1, 1)
(1, 1, 1, 1, 1, 1, 1)
(1, 1, 1, 1, 1, 1, 1)
(1, 1, 1, 1, 1, 1, 1)
(1, 1, 1, 1, 1, 1, 1)
(1, 1, 1, 1, 1, 1, 1)
(1, 1, 1, 1, 1, 1, 1)
(1, 1, 1, 1, 1, 1, 1)
(1, 1, 1, 1, 1, 1, 1)
(1, 1, 1, 1, 1, 1, 1)
(1, 1, 1, 1, 1, 1, 1)
(1, 1, 1, 1, 1, 1, 1)
(1, 1, 1, 1, 1, 1, 1)
(1, 1, 1, 1, 1, 1, 1)
(1, 1, 1, 1, 1, 1, 1)
(1, 1, 1, 1, 1, 1, 1)
(1, 1, 1, 1, 1, 1, 1)
(1, 1, 1, 1, 1, 1, 1)
(1, 1, 1, 1, 1, 1, 1)
(1, 1, 1, 1, 1, 1, 1)
(1, 1, 1, 1, 1, 1, 1)
(1, 1, 1, 1, 1, 1, 1)
(1, 1, 1, 1, 1, 1, 1)
(1, 1, 1, 1, 1, 1, 1)
(1, 1, 1, 1, 1, 1, 1)
(1, 1, 1, 1, 1, 1, 1)
(1, 1, 1, 1, 1, 1, 1)
(1, 1, 1, 1, 1, 1, 1)
(1, 1, 1, 1, 1, 1, 1)
(1, 1, 1, 1, 1, 1, 1)
(1, 1, 1, 1, 1, 1, 1)
(1, 1, 1, 1, 1, 1, 1)
(1, 1, 1, 1, 1, 1, 1)
(1, 1, 1, 1, 1, 1, 1)
(1, 1, 1, 1, 1, 1, 1)
(1, 1, 1, 1, 1, 1, 1)
(1, 1, 1, 1, 1, 1, 1)
(1, 1, 1, 1, 1, 1, 1)
(1, 1, 1, 1, 1, 1, 1)
(1, 1, 1, 1, 1, 1, 1)
(1, 1, 1, 1, 1, 1, 1)
(1, 1, 1, 1, 1, 1, 1)
(1, 1, 1, 1, 1, 1, 1)
(1, 1, 1, 1, 1, 1, 1)
(1, 1, 1, 1, 1, 1, 1)
(1, 1, 1, 1, 1, 1, 1)
(1, 1, 1, 1, 1, 1, 1)
(1, 1, 1, 1, 1, 1, 1)
(1, 1, 1, 1, 1, 1, 1)
(3, 27, 27, 27, 27, 27, 27)
(27, 27, 27, 27, 27, 27, 27)
(27, 27, 27, 27, 27, 27, 27)
(27, 27, 27, 27, 27, 27, 27)
(27, 27, 27, 27, 27, 27, 27)
(27, 27, 27, 27, 27, 27, 27)
(27, 27, 27, 27, 27, 27, 27)
(27, 27, 27, 27, 27, 27, 27)
(27, 27, 27, 27, 27, 27, 27)
(27, 27, 27, 27, 27, 27, 27)
(27, 27, 27, 27, 27, 27, 27)
(27, 27, 27, 27, 27, 27, 27)
(27, 27, 27, 27, 27, 27, 27)
(27, 27, 27, 27, 27, 27, 27)
(27, 27, 27, 27, 27, 27, 27)
(27, 27, 27, 27, 27, 27, 27)
(27, 27, 27, 27, 27, 27, 27)
(27, 27, 27, 27, 27, 27, 27)
(27, 27, 27, 27, 27, 27, 27)
(27, 27, 27, 27, 27, 27, 27)
(27, 27, 27, 27, 27, 27, 27)
(27, 27, 27, 27, 27, 27, 27)
(27, 27, 27, 27, 27, 27, 27)
(27, 27, 27, 27, 27, 27, 27)
(27, 27, 27, 27, 27, 27, 27)
(27, 27, 27, 27, 27, 27, 27)
(27, 27, 27, 27, 27, 27, 27)
(27, 27, 27, 27, 27, 27, 27)
(27, 27, 27, 27, 27, 27, 27)
(27, 27, 27, 27, 27, 27, 27)
(27, 27, 27, 27, 27, 27, 27)
(27, 27, 27, 27, 27, 27, 27)
(27, 27, 27, 27, 27, 27, 27)
(27, 27, 27, 27, 27, 27, 27)
(27, 27, 27, 27, 27, 27, 27)
(27, 27, 27, 27, 27, 27, 27)
(27, 27, 27, 27, 27, 27, 27)
(27, 27, 27, 27, 27, 27, 27)
(27, 27, 27, 27, 27, 27, 27)
(27, 27, 27, 27, 27, 27, 27)
(27, 27, 27, 27, 27, 27, 27)
(27, 27, 27, 27, 27, 27, 27)
(27, 27, 27, 27, 27, 27, 27)
(27, 27, 27, 27, 27, 27, 27)
(27, 27, 27, 27, 27, 27, 27)
(27, 27, 27, 27, 27, 27, 27)
(27, 27, 27, 27, 27, 27, 27)
(27, 27, 27, 27, 27, 27, 27)
(27, 27, 27, 27, 27, 27, 27)
(27, 27, 27, 27, 27, 27, 27)
(27, 27, 27, 27, 27, 27, 27)
(27, 27, 27, 27, 27, 27, 27)
(27, 27, 27, 27, 27, 27, 27)
(27, 27, 27, 27, 27, 27, 27)
(27, 27, 27, 27, 27, 27, 27)
(27, 27, 27, 27, 27, 27, 27)
(27, 27, 27, 27, 27, 27, 27)
(27, 27, 27, 27, 27, 27, 27)
(27, 27, 27, 27, 27, 27, 27)
(27, 27, 27, 27, 27, 27, 27)
(27, 27, 27, 27, 27, 27, 27)
(27, 27, 27, 27, 27, 27, 27)
(27, 27, 27, 27, 27, 27, 27)
(27, 27, 27, 27, 27, 27, 27)
(27, 27, 27, 27, 27, 27, 27)
(27, 27, 27, 27, 27, 27, 27)
(27, 27, 27, 27, 27, 27, 27)
(27, 27, 27, 27, 27, 27, 27)
(27, 27, 27, 27, 27, 27, 27)
(27, 27, 27, 27, 27, 27, 27)
(27, 27, 27, 27, 27, 27, 27)
(27, 27, 27, 27, 27, 27, 27)
(27, 27, 27, 27, 27, 27, 27)
(27, 27, 27, 27, 27, 27, 27)
(27, 27, 27, 27, 27, 27, 27)
(27, 27, 27, 27, 27, 27, 27)
(27, 27, 27, 27, 27, 27, 27)
(27, 27, 27, 27, 27, 27, 27)
(27, 27, 27, 27, 27, 27, 27)
(27, 27, 27, 27, 27, 27, 27)
(27, 27, 27, 27, 27, 27, 27)
(27, 27, 27, 27, 27, 27, 27)
(27, 27, 27, 27, 27, 27, 27)
(27, 27, 27, 27, 27, 27, 27)
(27, 27, 27, 27, 27, 27, 27)
(27, 27, 27, 27, 27, 27, 27)
(27, 27, 27, 27, 27, 27, 27)
(27, 27, 27, 27, 27, 27, 27)
(27, 27, 27, 27, 27, 27, 27)
(27, 27, 27, 27, 27, 27, 27)
(27, 27, 27, 27, 27, 27, 27)
(27, 27, 27, 27, 27, 27, 27)
(27, 27, 27, 27, 27, 27, 27)
(27, 27, 27, 27, 27, 27, 27)
(27, 27, 27, 27, 27, 27, 27)
(27, 27, 27, 27, 27, 27, 27)
(27, 27, 27, 27, 27, 27, 27)
(27, 27, 27, 27, 27, 27, 27)
(27, 27, 27, 27, 27, 27, 27)
(27, 27, 27, 27, 27, 27, 27)
(27, 27, 27, 27, 27, 27, 27)
(27, 27, 27, 27, 27, 27, 27)
(27, 27, 27, 27, 27, 27, 27)
(27, 27, 27, 27, 27, 27, 27)
(27, 27, 27, 27, 27, 27, 27)
(27, 27, 27, 27, 27, 27, 27)
(27, 27, 27, 27, 27, 27, 27)
(27, 27, 27, 27, 27, 27, 27)
(27, 27, 27, 27, 27, 27, 27)
(27, 27, 27, 27, 27, 27, 27)
(27, 27, 27, 27, 27, 27, 27)
(27, 27, 27, 27, 27, 27, 27)
(27, 27, 27, 27, 27, 27, 27)
(27, 27, 27, 27, 27, 27, 27)
(27, 27, 27, 27, 27, 27, 27)
(27, 27, 27, 27, 27, 27, 27)
(27, 27, 27, 27, 27, 27, 27)
(27, 27, 27, 27, 27, 27, 27)
(27, 27, 27, 27, 27, 27, 27)
(27, 27, 27, 27, 27, 27, 27)
(27, 27, 27, 27, 27, 27, 27)
(27, 27, 27, 27, 27, 27, 27)
(27, 27, 27, 27, 27, 27, 27)
(27, 27, 27, 27, 27, 27, 27)
(27, 27, 27, 27, 27, 27, 27)
(27, 27, 27, 27, 27, 27, 27)
(27, 27, 27, 27, 27, 27, 27)
(27, 27, 27, 27, 27, 27, 27)
(27, 27, 27, 27, 27, 27, 27)
(27, 27, 27, 27, 27, 27, 27)
(27, 27, 27, 27, 27, 27, 23)
(27, 27, 27, 27, 27, 23, 23)
(27, 27, 27, 27, 23, 23, 23)
(27, 27, 27, 23, 23, 23, 23)
(27, 27, 23, 23, 23, 23, 23)
(27, 23, 23, 23, 23, 23, 23)
(23, 23, 23, 23, 23, 23, 27)
(23, 23, 23, 23, 23, 27, 9)
(23, 23, 23, 23, 27, 9, 27)
(23, 23, 23, 27, 9, 27, 9)
(23, 23, 27, 9, 27, 9, 27)
(23, 27, 9, 27, 9, 27, 9)
(27, 9, 27, 9, 27, 9, 27)
(9, 27, 9, 27, 9, 27, 9)
(27, 9, 27, 9, 27, 9, 27)
(9, 27, 9, 27, 9, 27, 9)
(27, 9, 27, 9, 27, 9, 27)
(9, 27, 9, 27, 9, 27, 9)
(27, 9, 27, 9, 27, 9, 27)
(9, 27, 9, 27, 9, 27, 9)
(27, 9, 27, 9, 27, 9, 27)
(9, 27, 9, 27, 9, 27, 9)
(27, 9, 27, 9, 27, 9, 27)
(9, 27, 9, 27, 9, 27, 9)
(27, 9, 27, 9, 27, 9, 27)
(9, 27, 9, 27, 9, 27, 9)
(27, 9, 27, 9, 27, 9, 27)
(9, 27, 9, 27, 9, 27, 9)
(27, 9, 27, 9, 27, 9, 27)
(9, 27, 9, 27, 9, 27, 9)
(27, 9, 27, 9, 27, 9, 27)
(9, 27, 9, 27, 9, 27, 9)
(27, 9, 27, 9, 27, 9, 27)
(9, 27, 9, 27, 9, 27, 9)
(27, 9, 27, 9, 27, 9, 27)
(9, 27, 9, 27, 9, 27, 9)
(27, 9, 27, 9, 27, 9, 27)
(9, 27, 9, 27, 9, 27, 9)
(27, 9, 27, 9, 27, 9, 27)
(9, 27, 9, 27, 9, 27, 9)
(27, 9, 27, 9, 27, 9, 27)
(9, 27, 9, 27, 9, 27, 9)
(27, 9, 27, 9, 27, 9, 27)
(9, 27, 9, 27, 9, 27, 9)
(27, 9, 27, 9, 27, 9, 27)
(9, 27, 9, 27, 9, 27, 9)
(27, 9, 27, 9, 27, 9, 27)
(9, 27, 9, 27, 9, 27, 9)
(27, 9, 27, 9, 27, 9, 27)
(9, 27, 9, 27, 9, 27, 9)
(27, 9, 27, 9, 27, 9, 27)
(9, 27, 9, 27, 9, 27, 9)
(27, 9, 27, 9, 27, 9, 27)
(9, 27, 9, 27, 9, 27, 9)
(27, 9, 27, 9, 27, 9, 27)
(9, 27, 9, 27, 9, 27, 9)
(27, 9, 27, 9, 27, 9, 27)
(9, 27, 9, 27, 9, 27, 9)
(27, 9, 27, 9, 27, 9, 27)
(9, 27, 9, 27, 9, 27, 9)
(27, 9, 27, 9, 27, 9, 27)
(9, 27, 9, 27, 9, 27, 9)
(27, 9, 27, 9, 27, 9, 27)
(9, 27, 9, 27, 9, 27, 9)
(27, 9, 27, 9, 27, 9, 27)
(9, 27, 9, 27, 9, 27, 9)
(27, 9, 27, 9, 27, 9, 27)
(9, 27, 9, 27, 9, 27, 9)
(27, 9, 27, 9, 27, 9, 27)
(9, 27, 9, 27, 9, 27, 9)
(27, 9, 27, 9, 27, 9, 27)
(9, 27, 9, 27, 9, 27, 9)
(27, 9, 27, 9, 27, 9, 27)
(9, 27, 9, 27, 9, 27, 9)
(27, 9, 27, 9, 27, 9, 27)
(9, 27, 9, 27, 9, 27, 9)
(27, 9, 27, 9, 27, 9, 27)
(9, 27, 9, 27, 9, 27, 9)
(27, 9, 27, 9, 27, 9, 27)
(9, 27, 9, 27, 9, 27, 9)
(27, 9, 27, 9, 27, 9, 27)
(9, 27, 9, 27, 9, 27, 9)
(27, 9, 27, 9, 27, 9, 27)
(9, 27, 9, 27, 9, 27, 9)
(27, 9, 27, 9, 27, 9, 27)
(9, 27, 9, 27, 9, 27, 9)
(27, 9, 27, 9, 27, 9, 27)
(9, 27, 9, 27, 9, 27, 9)
(27, 9, 27, 9, 27, 9, 27)
(9, 27, 9, 27, 9, 27, 9)
(27, 9, 27, 9, 27, 9, 27)
(9, 27, 9, 27, 9, 27, 9)
(27, 9, 27, 9, 27, 9, 27)
(9, 27, 9, 27, 9, 27, 9)
(27, 9, 27, 9, 27, 9, 27)
(9, 27, 9, 27, 9, 27, 9)
(27, 9, 27, 9, 27, 9, 27)
(9, 27, 9, 27, 9, 27, 9)
(27, 9, 27, 9, 27, 9, 27)
(9, 27, 9, 27, 9, 27, 9)
(27, 9, 27, 9, 27, 9, 27)
(9, 27, 9, 27, 9, 27, 9)
(27, 9, 27, 9, 27, 9, 27)
(9, 27, 9, 27, 9, 27, 9)
(27, 9, 27, 9, 27, 9, 27)
(9, 27, 9, 27, 9, 27, 9)
(27, 9, 27, 9, 27, 9, 27)
(9, 27, 9, 27, 9, 27, 9)
(27, 9, 27, 9, 27, 9, 27)
(9, 27, 9, 27, 9, 27, 9)
(27, 9, 27, 9, 27, 9, 27)
(9, 27, 9, 27, 9, 27, 9)
(27, 9, 27, 9, 27, 9, 27)
(9, 27, 9, 27, 9, 27, 9)
(27, 9, 27, 9, 27, 9, 27)
(9, 27, 9, 27, 9, 27, 9)
(27, 9, 27, 9, 27, 9, 27)
(9, 27, 9, 27, 9, 27, 9)
(27, 9, 27, 9, 27, 9, 27)
(9, 27, 9, 27, 9, 27, 9)
(27, 9, 27, 9, 27, 9, 27)
(9, 27, 9, 27, 9, 27, 9)
(27, 9, 27, 9, 27, 9, 27)
(9, 27, 9, 27, 9, 27, 9)
(27, 9, 27, 9, 27, 9, 27)
(9, 27, 9, 27, 9, 27, 9)
(27, 9, 27, 9, 27, 9, 27)
(9, 27, 9, 27, 9, 27, 9)
(27, 9, 27, 9, 27, 9, 27)
(9, 27, 9, 27, 9, 27, 9)
(27, 9, 27, 9, 27, 9, 27)
(9, 27, 9, 27, 9, 27, 9)
(27, 9, 27, 9, 27, 9, 27)
(9, 27, 9, 27, 9, 27, 9)
(27, 9, 27, 9, 27, 9, 27)
(9, 27, 9, 27, 9, 27, 9)
(27, 9, 27, 9, 27, 9, 27)
(9, 27, 9, 27, 9, 27, 9)
(27, 9, 27, 9, 27, 9, 27)
(9, 27, 9, 27, 9, 27, 9)
(27, 9, 27, 9, 27, 9, 27)
(9, 27, 9, 27, 9, 27, 9)
(27, 9, 27, 9, 27, 9, 27)
(9, 27, 9, 27, 9, 27, 9)
(27, 9, 27, 9, 27, 9, 27)
(9, 27, 9, 27, 9, 27, 9)
(27, 9, 27, 9, 27, 9, 27)
(9, 27, 9, 27, 9, 27, 9)
(27, 9, 27, 9, 27, 9, 27)
(9, 27, 9, 27, 9, 27, 9)
(27, 9, 27, 9, 27, 9, 27)
(9, 27, 9, 27, 9, 27, 9)
(27, 9, 27, 9, 27, 9, 27)
(9, 27, 9, 27, 9, 27, 9)
(27, 9, 27, 9, 27, 9, 27)
(9, 27, 9, 27, 9, 27, 9)
(27, 9, 27, 9, 27, 9, 27)
(9, 27, 9, 27, 9, 27, 9)
(27, 9, 27, 9, 27, 9, 27)
(9, 27, 9, 27, 9, 27, 9)
(27, 9, 27, 9, 27, 9, 27)
(9, 27, 9, 27, 9, 27, 9)
(27, 9, 27, 9, 27, 9, 27)
(9, 27, 9, 27, 9, 27, 9)
(27, 9, 27, 9, 27, 9, 27)
(9, 27, 9, 27, 9, 27, 9)
(27, 9, 27, 9, 27, 9, 27)
(9, 27, 9, 27, 9, 27, 9)
(27, 9, 27, 9, 27, 9, 27)
(9, 27, 9, 27, 9, 27, 9)
(27, 9, 27, 9, 27, 9, 27)
(9, 27, 9, 27, 9, 27, 9)
(27, 9, 27, 9, 27, 9, 27)
(9, 27, 9, 27, 9, 27, 9)
(27, 9, 27, 9, 27, 9, 27)
(9, 27, 9, 27, 9, 27, 9)
(27, 9, 27, 9, 27, 9, 27)
(9, 27, 9, 27, 9, 27, 9)
(27, 9, 27, 9, 27, 9, 27)
(9, 27, 9, 27, 9, 27, 9)
(27, 9, 27, 9, 27, 9, 27)
(9, 27, 9, 27, 9, 27, 9)
(27, 9, 27, 9, 27, 9, 27)
(9, 27, 9, 27, 9, 27, 9)
(27, 9, 27, 9, 27, 9, 27)
(9, 27, 9, 27, 9, 27, 9)
(27, 9, 27, 9, 27, 9, 27)
(9, 27, 9, 27, 9, 27, 9)
(27, 9, 27, 9, 27, 9, 27)
(9, 27, 9, 27, 9, 27, 9)
(27, 9, 27, 9, 27, 9, 27)
(9, 27, 9, 27, 9, 27, 9)
(27, 9, 27, 9, 27, 9, 27)
(9, 27, 9, 27, 9, 27, 9)
(27, 9, 27, 9, 27, 9, 27)
(9, 27, 9, 27, 9, 27, 9)
(27, 9, 27, 9, 27, 9, 27)
(9, 27, 9, 27, 9, 27, 9)
(27, 9, 27, 9, 27, 9, 27)
(9, 27, 9, 27, 9, 27, 9)
(27, 9, 27, 9, 27, 9, 27)
(9, 27, 9, 27, 9, 27, 9)
(27, 9, 27, 9, 27, 9, 27)
(9, 27, 9, 27, 9, 27, 9)
(27, 9, 27, 9, 27, 9, 27)
(9, 27, 9, 27, 9, 27, 9)
(27, 9, 27, 9, 27, 9, 27)
(9, 27, 9, 27, 9, 27, 9)
(27, 9, 27, 9, 27, 9, 27)
(9, 27, 9, 27, 9, 27, 9)
(27, 9, 27, 9, 27, 9, 27)
(9, 27, 9, 27, 9, 27, 9)
(27, 9, 27, 9, 27, 9, 27)
(9, 27, 9, 27, 9, 27, 9)
(27, 9, 27, 9, 27, 9, 27)
(9, 27, 9, 27, 9, 27, 9)
(27, 9, 27, 9, 27, 9, 27)
(9, 27, 9, 27, 9, 27, 9)
(27, 9, 27, 9, 27, 9, 27)
(9, 27, 9, 27, 9, 27, 9)
(27, 9, 27, 9, 27, 9, 27)
(9, 27, 9, 27, 9, 27, 9)
(27, 9, 27, 9, 27, 9, 27)
(9, 27, 9, 27, 9, 27, 9)
(27, 9, 27, 9, 27, 9, 27)
(9, 27, 9, 27, 9, 27, 9)
(27, 9, 27, 9, 27, 9, 27)
(9, 27, 9, 27, 9, 27, 9)
(27, 9, 27, 9, 27, 9, 27)
(9, 27, 9, 27, 9, 27, 9)
(27, 9, 27, 9, 27, 9, 27)
(9, 27, 9, 27, 9, 27, 9)
(27, 9, 27, 9, 27, 9, 27)
(9, 27, 9, 27, 9, 27, 9)
(27, 9, 27, 9, 27, 9, 27)
(9, 27, 9, 27, 9, 27, 9)
(27, 9, 27, 9, 27, 9, 27)
(9, 27, 9, 27, 9, 27, 9)
(27, 9, 27, 9, 27, 9, 27)
(9, 27, 9, 27, 9, 27, 9)
(27, 9, 27, 9, 27, 9, 27)
(9, 27, 9, 27, 9, 27, 9)
(27, 9, 27, 9, 27, 9, 27)
(9, 27, 9, 27, 9, 27, 9)
(27, 9, 27, 9, 27, 9, 27)
(9, 27, 9, 27, 9, 27, 9)
(27, 9, 27, 9, 27, 9, 27)
(9, 27, 9, 27, 9, 27, 9)
(27, 9, 27, 9, 27, 9, 27)
(9, 27, 9, 27, 9, 27, 9)
(27, 9, 27, 9, 27, 9, 27)
(9, 27, 9, 27, 9, 27, 9)
(27, 9, 27, 9, 27, 9, 3)
(1, 1, 1, 1, 1, 1, 1)
(1, 1, 1, 1, 1, 1, 9)
(1, 1, 1, 1, 1, 9, 9)
(1, 1, 1, 1, 9, 9, 2)
(1, 1, 1, 9, 9, 2, 1)
(1, 1, 9, 9, 2, 1, 4)
(1, 9, 9, 2, 1, 4, 9)
(9, 9, 2, 1, 4, 9, 27)
(9, 2, 1, 4, 9, 27, 9)
(2, 1, 4, 9, 27, 9, 2)
(1, 4, 9, 27, 9, 2, 1)
(4, 9, 27, 9, 2, 1, 4)
(9, 27, 9, 2, 1, 4, 9)
(27, 9, 2, 1, 4, 9, 27)
(9, 2, 1, 4, 9, 27, 27)
(2, 1, 4, 9, 27, 27, 9)
(1, 4, 9, 27, 27, 9, 2)
(4, 9, 27, 27, 9, 2, 1)
(9, 27, 27, 9, 2, 1, 4)
(27, 27, 9, 2, 1, 4, 9)
(27, 9, 2, 1, 4, 9, 27)
(9, 2, 1, 4, 9, 27, 9)
(2, 1, 4, 9, 27, 9, 2)
(1, 4, 9, 27, 9, 2, 1)
(4, 9, 27, 9, 2, 1, 4)
(9, 27, 9, 2, 1, 4, 9)
(27, 9, 2, 1, 4, 9, 27)
(9, 2, 1, 4, 9, 27, 27)
(2, 1, 4, 9, 27, 27, 27)
(1, 4, 9, 27, 27, 27, 27)
(4, 9, 27, 27, 27, 27, 9)
(9, 27, 27, 27, 27, 9, 2)
(27, 27, 27, 27, 9, 2, 1)
(27, 27, 27, 9, 2, 1, 4)
(27, 27, 9, 2, 1, 4, 9)
(27, 9, 2, 1, 4, 9, 9)
(9, 2, 1, 4, 9, 9, 2)
(2, 1, 4, 9, 9, 2, 1)
(1, 4, 9, 9, 2, 1, 4)
(4, 9, 9, 2, 1, 4, 9)
(9, 9, 2, 1, 4, 9, 27)
(9, 2, 1, 4, 9, 27, 9)
(2, 1, 4, 9, 27, 9, 2)
(1, 4, 9, 27, 9, 2, 1)
(4, 9, 27, 9, 2, 1, 27)
(9, 27, 9, 2, 1, 27, 27)
(27, 9, 2, 1, 27, 27, 14)
(9, 2, 1, 27, 27, 14, 9)
(2, 1, 27, 27, 14, 9, 9)
(1, 27, 27, 14, 9, 9, 9)
(27, 27, 14, 9, 9, 9, 9)
(27, 14, 9, 9, 9, 9, 9)
(14, 9, 9, 9, 9, 9, 9)
(9, 9, 9, 9, 9, 9, 9)
(9, 9, 9, 9, 9, 9, 9)
(9, 9, 9, 9, 9, 9, 9)
(9, 9, 9, 9, 9, 9, 9)
(9, 9, 9, 9, 9, 9, 4)
(9, 9, 9, 9, 9, 4, 27)
(9, 9, 9, 9, 4, 27, 3)
(9, 9, 9, 4, 27, 3, 3)
(9, 9, 4, 27, 3, 3, 3)
(9, 4, 27, 3, 3, 3, 3)
(4, 27, 3, 3, 3, 3, 9)
(27, 3, 3, 3, 3, 9, 9)
(3, 3, 3, 3, 9, 9, 9)
(3, 3, 3, 9, 9, 9, 9)
(3, 3, 9, 9, 9, 9, 9)
(3, 9, 9, 9, 9, 9, 9)
(9, 9, 9, 9, 9, 9, 9)
(9, 9, 9, 9, 9, 9, 9)
(9, 9, 9, 9, 9, 9, 9)
(9, 9, 9, 9, 9, 9, 9)
(9, 9, 9, 9, 9, 9, 2)
(9, 9, 9, 9, 9, 2, 1)
(9, 9, 9, 9, 2, 1, 4)
(3, 27, 27, 27, 27, 3, 3)
(9, 27, 9, 27, 9, 3, 3)
(9, 9, 9, 2, 1, 4, 1)
(9, 9, 2, 1, 4, 1, 2)
(9, 2, 1, 4, 1, 2, 1)
(2, 1, 4, 1, 2, 1, 4)
(1, 4, 1, 2, 1, 4, 1)
(4, 1, 2, 1, 4, 1, 2)
(1, 2, 1, 4, 1, 2, 1)
(2, 1, 4, 1, 2, 1, 4)
(27, 27, 27, 27, 3, 3, 9)
(27, 27, 27, 3, 3, 9, 9)
(27, 27, 3, 3, 9, 9, 9)
(27, 3, 3, 9, 9, 9, 9)
(3, 3, 9, 9, 9, 9, 9)
(3, 9, 9, 9, 9, 9, 9)
(9, 9, 9, 9, 9, 9, 9)
(9, 9, 9, 9, 9, 9, 9)
(9, 9, 9, 9, 9, 9, 9)
(9, 9, 9, 9, 9, 9, 9)
(9, 9, 9, 9, 9, 9, 9)
(9, 9, 9, 9, 9, 9, 9)
(9, 9, 9, 9, 9, 9, 9)
(9, 9, 9, 9, 9, 9, 9)
(9, 9, 9, 9, 9, 9, 9)
(9, 9, 9, 9, 9, 9, 9)
(9, 9, 9, 9, 9, 9, 9)
(9, 9, 9, 9, 9, 9, 9)
(9, 9, 9, 9, 9, 9, 9)
(9, 9, 9, 9, 9, 9, 9)
(9, 9, 9, 9, 9, 9, 9)
(9, 9, 9, 9, 9, 9, 9)
(9, 9, 9, 9, 9, 9, 9)
(9, 9, 9, 9, 9, 9, 9)
(9, 9, 9, 9, 9, 9, 9)
(9, 9, 9, 9, 9, 9, 9)
(9, 9, 9, 9, 9, 9, 9)
(9, 9, 9, 9, 9, 9, 9)
(9, 9, 9, 9, 9, 9, 9)
(9, 9, 9, 9, 9, 9, 9)
(9, 9, 9, 9, 9, 9, 9)
(9, 9, 9, 9, 9, 9, 9)
(9, 9, 9, 9, 9, 9, 9)
(9, 9, 9, 9, 9, 9, 9)
(9, 9, 9, 9, 9, 9, 9)
(9, 9, 9, 9, 9, 9, 9)
(9, 9, 9, 9, 9, 9, 9)
(9, 9, 9, 9, 9, 9, 9)
(9, 9, 9, 9, 9, 9, 9)
(9, 9, 9, 9, 9, 9, 9)
(9, 9, 9, 9, 9, 9, 9)
(9, 9, 9, 9, 9, 9, 9)
(9, 9, 9, 9, 9, 9, 9)
(9, 9, 9, 9, 9, 9, 9)
(9, 9, 9, 9, 9, 9, 9)
(9, 9, 9, 9, 9, 9, 9)
(9, 9, 9, 9, 9, 9, 9)
(9, 9, 9, 9, 9, 9, 9)
(9, 9, 9, 9, 9, 9, 9)
(9, 9, 9, 9, 9, 9, 9)
(9, 9, 9, 9, 9, 9, 9)
(9, 9, 9, 9, 9, 9, 9)
(9, 9, 9, 9, 9, 9, 9)
(9, 9, 9, 9, 9, 9, 9)
(9, 9, 9, 9, 9, 9, 9)
(9, 9, 9, 9, 9, 9, 9)
(9, 9, 9, 9, 9, 9, 9)
(9, 9, 9, 9, 9, 9, 9)
(9, 9, 9, 9, 9, 9, 9)
(9, 9, 9, 9, 9, 9, 9)
(9, 9, 9, 9, 9, 9, 9)
(9, 9, 9, 9, 9, 9, 9)
(9, 9, 9, 9, 9, 9, 9)
(9, 9, 9, 9, 9, 9, 9)
(9, 9, 9, 9, 9, 9, 9)
(9, 9, 9, 9, 9, 9, 9)
(9, 9, 9, 9, 9, 9, 9)
(9, 9, 9, 9, 9, 9, 9)
(9, 9, 9, 9, 9, 9, 9)
(9, 9, 9, 9, 9, 9, 9)
(9, 9, 9, 9, 9, 9, 9)
(9, 9, 9, 9, 9, 9, 9)
(9, 9, 9, 9, 9, 9, 9)
(9, 9, 9, 9, 9, 9, 9)
(9, 9, 9, 9, 9, 9, 9)
(9, 9, 9, 9, 9, 9, 9)
(9, 9, 9, 9, 9, 9, 9)
(9, 9, 9, 9, 9, 9, 9)
(9, 9, 9, 9, 9, 9, 9)
(9, 9, 9, 9, 9, 9, 9)
(9, 9, 9, 9, 9, 9, 3)
(27, 9, 27, 9, 3, 3, 3)
(1, 4, 1, 2, 1, 4, 1)
(4, 1, 2, 1, 4, 1, 2)
(1, 2, 1, 4, 1, 2, 1)
(2, 1, 4, 1, 2, 1, 4)
(1, 4, 1, 2, 1, 4, 2)
(4, 1, 2, 1, 4, 2, 1)
(1, 2, 1, 4, 2, 1, 4)
(2, 1, 4, 2, 1, 4, 3)
(1, 4, 2, 1, 4, 3, 3)
(4, 2, 1, 4, 3, 3, 3)
(2, 1, 4, 3, 3, 3, 3)
(1, 4, 3, 3, 3, 3, 1)
(4, 3, 3, 3, 3, 1, 1)
(3, 3, 3, 3, 1, 1, 1)
(3, 3, 3, 1, 1, 1, 1)
(3, 3, 1, 1, 1, 1, 1)
(3, 1, 1, 1, 1, 1, 1)
(1, 1, 1, 1, 1, 1, 1)
(1, 1, 1, 1, 1, 1, 1)
(1, 1, 1, 1, 1, 1, 1)
(1, 1, 1, 1, 1, 1, 1)
(1, 1, 1, 1, 1, 1, 1)
(1, 1, 1, 1, 1, 1, 1)
(1, 1, 1, 1, 1, 1, 1)
(1, 1, 1, 1, 1, 1, 1)
(1, 1, 1, 1, 1, 1, 1)
(1, 1, 1, 1, 1, 1, 1)
(1, 1, 1, 1, 1, 1, 1)
(1, 1, 1, 1, 1, 1, 1)
(1, 1, 1, 1, 1, 1, 1)
(1, 1, 1, 1, 1, 1, 1)
(1, 1, 1, 1, 1, 1, 1)
(1, 1, 1, 1, 1, 1, 1)
(1, 1, 1, 1, 1, 1, 1)
(1, 1, 1, 1, 1, 1, 1)
(1, 1, 1, 1, 1, 1, 1)
(1, 1, 1, 1, 1, 1, 1)
(1, 1, 1, 1, 1, 1, 1)
(1, 1, 1, 1, 1, 1, 1)
(1, 1, 1, 1, 1, 1, 1)
(1, 1, 1, 1, 1, 1, 1)
(1, 1, 1, 1, 1, 1, 1)
(1, 1, 1, 1, 1, 1, 1)
(1, 1, 1, 1, 1, 1, 1)
(1, 1, 1, 1, 1, 1, 1)
(1, 1, 1, 1, 1, 1, 1)
(1, 1, 1, 1, 1, 1, 1)
(1, 1, 1, 1, 1, 1, 1)
(1, 1, 1, 1, 1, 1, 1)
(1, 1, 1, 1, 1, 1, 1)
(1, 1, 1, 1, 1, 1, 1)
(1, 1, 1, 1, 1, 1, 1)
(1, 1, 1, 1, 1, 1, 1)
(1, 1, 1, 1, 1, 1, 1)
(1, 1, 1, 1, 1, 1, 1)
(1, 1, 1, 1, 1, 1, 1)
(1, 1, 1, 1, 1, 1, 1)
(1, 1, 1, 1, 1, 1, 1)
(1, 1, 1, 1, 1, 1, 1)
(1, 1, 1, 1, 1, 1, 1)
(1, 1, 1, 1, 1, 1, 3)
(1, 1, 1, 1, 1, 3, 3)
(1, 1, 1, 1, 3, 3, 3)
(1, 1, 1, 3, 3, 3, 3)
(9, 9, 9, 9, 9, 3, 3)
(1, 1, 3, 3, 3, 3, 3)
(9, 9, 9, 9, 3, 3, 3)
(1, 3, 3, 3, 3, 3, 3)
(3, 3, 3, 3, 3, 3, 2)
(3, 3, 3, 3, 3, 2, 1)
(3, 3, 3, 3, 2, 1, 4)
(3, 3, 3, 2, 1, 4, 1)
(3, 3, 2, 1, 4, 1, 1)
(3, 2, 1, 4, 1, 1, 1)
(2, 1, 4, 1, 1, 1, 1)
(1, 4, 1, 1, 1, 1, 1)
(4, 1, 1, 1, 1, 1, 1)
(1, 1, 1, 1, 1, 1, 1)
(1, 1, 1, 1, 1, 1, 1)
(3, 3, 3, 3, 3, 3, 3)
(9, 9, 9, 3, 3, 3, 3)
(9, 9, 3, 3, 3, 3, 3)
(9, 27, 9, 3, 3, 3, 3)
(27, 9, 3, 3, 3, 3, 3)
(3, 3, 3, 3, 3, 3, 3)
(3, 3, 3, 3, 3, 3, 27)
(3, 3, 3, 3, 3, 27, 27)
(3, 3, 3, 3, 27, 27, 27)
(3, 3, 3, 27, 27, 27, 27)
(3, 3, 27, 27, 27, 27, 27)
(3, 27, 27, 27, 27, 27, 9)
(27, 27, 27, 27, 27, 9, 27)
(27, 27, 27, 27, 9, 27, 9)
(27, 27, 27, 9, 27, 9, 23)
(27, 27, 9, 27, 9, 23, 23)
(27, 9, 27, 9, 23, 23, 23)
(9, 27, 9, 23, 23, 23, 23)
(27, 9, 23, 23, 23, 23, 23)
(9, 23, 23, 23, 23, 23, 23)
(23, 23, 23, 23, 23, 23, 23)
(23, 23, 23, 23, 23, 23, 23)
(23, 23, 23, 23, 23, 23, 23)
(23, 23, 23, 23, 23, 23, 23)
(23, 23, 23, 23, 23, 23, 23)
(23, 23, 23, 23, 23, 23, 23)
(23, 23, 23, 23, 23, 23, 23)
(23, 23, 23, 23, 23, 23, 23)
(23, 23, 23, 23, 23, 23, 23)
(23, 23, 23, 23, 23, 23, 23)
(23, 23, 23, 23, 23, 23, 23)
(23, 23, 23, 23, 23, 23, 23)
(23, 23, 23, 23, 23, 23, 23)
(23, 23, 23, 23, 23, 23, 23)
(23, 23, 23, 23, 23, 23, 23)
(23, 23, 23, 23, 23, 23, 23)
(23, 23, 23, 23, 23, 23, 23)
(23, 23, 23, 23, 23, 23, 23)
(23, 23, 23, 23, 23, 23, 23)
(23, 23, 23, 23, 23, 23, 23)
(23, 23, 23, 23, 23, 23, 23)
(23, 23, 23, 23, 23, 23, 23)
(23, 23, 23, 23, 23, 23, 23)
(23, 23, 23, 23, 23, 23, 23)
(23, 23, 23, 23, 23, 23, 23)
(23, 23, 23, 23, 23, 23, 23)
(23, 23, 23, 23, 23, 23, 23)
(23, 23, 23, 23, 23, 23, 23)
(23, 23, 23, 23, 23, 23, 23)
(23, 23, 23, 23, 23, 23, 23)
(23, 23, 23, 23, 23, 23, 23)
(23, 23, 23, 23, 23, 23, 23)
(23, 23, 23, 23, 23, 23, 23)
(23, 23, 23, 23, 23, 23, 23)
(23, 23, 23, 23, 23, 23, 27)
(23, 23, 23, 23, 23, 27, 9)
(23, 23, 23, 23, 27, 9, 27)
(23, 23, 23, 27, 9, 27, 9)
(23, 23, 27, 9, 27, 9, 27)
(23, 27, 9, 27, 9, 27, 9)
(27, 9, 27, 9, 27, 9, 27)
(9, 27, 9, 27, 9, 27, 9)
(27, 9, 27, 9, 27, 9, 27)
(9, 27, 9, 27, 9, 27, 9)
(27, 9, 27, 9, 27, 9, 27)
(9, 27, 9, 27, 9, 27, 9)
(27, 9, 27, 9, 27, 9, 27)
(9, 27, 9, 27, 9, 27, 9)
(27, 9, 27, 9, 27, 9, 27)
(9, 27, 9, 27, 9, 27, 9)
(27, 9, 27, 9, 27, 9, 27)
(9, 27, 9, 27, 9, 27, 9)
(27, 9, 27, 9, 27, 9, 27)
(9, 27, 9, 27, 9, 27, 9)
(27, 9, 27, 9, 27, 9, 27)
(9, 27, 9, 27, 9, 27, 9)
(27, 9, 27, 9, 27, 9, 27)
(9, 27, 9, 27, 9, 27, 9)
(27, 9, 27, 9, 27, 9, 27)
(9, 27, 9, 27, 9, 27, 9)
(27, 9, 27, 9, 27, 9, 27)
(9, 27, 9, 27, 9, 27, 9)
(27, 9, 27, 9, 27, 9, 27)
(9, 27, 9, 27, 9, 27, 9)
(27, 9, 27, 9, 27, 9, 27)
(9, 27, 9, 27, 9, 27, 9)
(27, 9, 27, 9, 27, 9, 3)
(1, 1, 1, 1, 1, 1, 1)
(1, 1, 1, 1, 1, 1, 9)
(1, 1, 1, 1, 1, 9, 27)
(1, 1, 1, 1, 9, 27, 27)
(1, 1, 1, 9, 27, 27, 27)
(1, 1, 9, 27, 27, 27, 9)
(1, 9, 27, 27, 27, 9, 2)
(9, 27, 27, 27, 9, 2, 1)
(27, 27, 27, 9, 2, 1, 4)
(27, 27, 9, 2, 1, 4, 9)
(27, 9, 2, 1, 4, 9, 27)
(9, 2, 1, 4, 9, 27, 27)
(2, 1, 4, 9, 27, 27, 27)
(1, 4, 9, 27, 27, 27, 27)
(4, 9, 27, 27, 27, 27, 27)
