(2, 19, 18, 17, 17, 17, 3)
(3, 3, 3, 3, 3, 3, 3)
(19, 18, 17, 17, 17, 3, 3)
(3, 3, 3, 3, 3, 3, 3)
(18, 17, 17, 17, 3, 3, 3)
(17, 17, 17, 3, 3, 3, 17)
(17, 17, 3, 3, 3, 17, 10)
(17, 3, 3, 3, 17, 10, 18)
(3, 3, 3, 17, 10, 18, 2)
(3, 3, 17, 10, 18, 2, 19)
(3, 17, 10, 18, 2, 19, 18)
(17, 10, 18, 2, 19, 18, 17)
(10, 18, 2, 19, 18, 17, 17)
(18, 2, 19, 18, 17, 17, 17)
(2, 19, 18, 17, 17, 17, 3)
(3, 3, 3, 3, 3, 3, 3)
(19, 18, 17, 17, 17, 3, 3)
(3, 3, 3, 3, 3, 3, 3)
(18, 17, 17, 17, 3, 3, 3)
(17, 17, 17, 3, 3, 3, 17)
(17, 17, 3, 3, 3, 17, 10)
(17, 3, 3, 3, 17, 10, 18)
(3, 3, 3, 17, 10, 18, 2)
(3, 3, 17, 10, 18, 2, 19)
(3, 17, 10, 18, 2, 19, 18)
(17, 10, 18, 2, 19, 18, 17)
(10, 18, 2, 19, 18, 17, 17)
(18, 2, 19, 18, 17, 17, 17)
(2, 19, 18, 17, 17, 17, 3)
(3, 3, 3, 3, 3, 3, 3)
(19, 18, 17, 17, 17, 3, 3)
(3, 3, 3, 3, 3, 3, 3)
(18, 17, 17, 17, 3, 3, 3)
(17, 17, 17, 3, 3, 3, 17)
(17, 17, 3, 3, 3, 17, 10)
(17, 3, 3, 3, 17, 10, 18)
(3, 3, 3, 17, 10, 18, 2)
(3, 3, 17, 10, 18, 2, 19)
(3, 17, 10, 18, 2, 19, 18)
(17, 10, 18, 2, 19, 18, 17)
(10, 18, 2, 19, 18, 17, 17)
(18, 2, 19, 18, 17, 17, 17)
(2, 19, 18, 17, 17, 17, 3)
(3, 3, 3, 3, 3, 3, 3)
(19, 18, 17, 17, 17, 3, 3)
(3, 3, 3, 3, 3, 3, 3)
(18, 17, 17, 17, 3, 3, 3)
(17, 17, 17, 3, 3, 3, 5)
(17, 17, 3, 3, 3, 5, 3)
(3, 3, 3, 3, 3, 3, 3)
(17, 3, 3, 3, 5, 3, 3)
(3, 3, 3, 3, 3, 3, 3)
(18, 17, 17, 17, 3, 3, 3)
(17, 17, 17, 3, 3, 3, 4)
(17, 17, 3, 3, 3, 4, 3)
(3, 3, 3, 3, 3, 3, 3)
(17, 3, 3, 3, 4, 3, 3)
(3, 3, 3, 3, 3, 3, 3)
(3, 3, 3, 3, 3, 3, 2)
(3, 3, 3, 3, 3, 2, 1)
(18, 17, 17, 17, 3, 3, 3)
(17, 17, 17, 3, 3, 3, 3)
(3, 3, 3, 3, 2, 1, 3)
(17, 17, 3, 3, 3, 3, 3)
(3, 3, 3, 2, 1, 3, 3)
(18, 17, 17, 17, 3, 3, 3)
(17, 17, 17, 3, 3, 3, 3)
(3, 3, 2, 1, 3, 3, 3)
(17, 17, 3, 3, 3, 3, 3)
(3, 2, 1, 3, 3, 3, 3)
(3, 3, 3, 5, 3, 3, 3)
(3, 3, 5, 3, 3, 3, 3)
(2, 1, 3, 3, 3, 3, 3)
(3, 5, 3, 3, 3, 3, 3)
(1, 3, 3, 3, 3, 3, 3)
(3, 3, 3, 4, 3, 3, 3)
(3, 3, 4, 3, 3, 3, 3)
(3, 3, 3, 3, 3, 3, 3)
(3, 4, 3, 3, 3, 3, 3)
(3, 3, 3, 3, 3, 3, 3)
(17, 3, 3, 3, 3, 3, 3)
(3, 3, 3, 3, 3, 3, 3)
(3, 3, 3, 3, 3, 3, 3)
(3, 3, 3, 3, 3, 3, 3)
(3, 3, 3, 3, 3, 3, 3)
(17, 3, 3, 3, 3, 3, 3)
(3, 3, 3, 3, 3, 3, 3)
(3, 3, 3, 3, 3, 3, 3)
(3, 3, 3, 3, 3, 3, 3)
(3, 3, 3, 3, 3, 3, 3)
(5, 3, 3, 3, 3, 3, 3)
(3, 3, 3, 3, 3, 3, 3)
(3, 3, 3, 3, 3, 3, 3)
(3, 3, 3, 3, 3, 3, 3)
(3, 3, 3, 3, 3, 3, 3)
(4, 3, 3, 3, 3, 3, 3)
(3, 3, 3, 3, 3, 3, 3)
(3, 3, 3, 3, 3, 3, 3)
(3, 3, 3, 3, 3, 3, 3)
(3, 3, 3, 3, 3, 3, 3)
(3, 3, 3, 3, 3, 3, 3)
(3, 3, 3, 3, 3, 3, 3)
(3, 3, 3, 3, 3, 3, 3)
(3, 3, 3, 3, 3, 3, 3)
(3, 3, 3, 3, 3, 3, 3)
(3, 3, 3, 3, 3, 3, 3)
(3, 3, 3, 3, 3, 3, 3)
(3, 3, 3, 3, 3, 3, 3)
(3, 3, 3, 3, 3, 3, 3)
(3, 3, 3, 3, 3, 3, 3)
(3, 3, 3, 3, 3, 3, 3)
(3, 3, 3, 3, 3, 3, 3)
(3, 3, 3, 3, 3, 3, 3)
(3, 3, 3, 3, 3, 3, 3)
(3, 3, 3, 3, 3, 3, 3)
(3, 3, 3, 3, 3, 3, 3)
(3, 3, 3, 3, 3, 3, 3)
(3, 3, 3, 3, 3, 3, 3)
(3, 3, 3, 3, 3, 3, 3)
(3, 3, 3, 3, 3, 3, 3)
(3, 3, 3, 3, 3, 3, 3)
(3, 3, 3, 3, 3, 3, 3)
(3, 3, 3, 3, 3, 3, 3)
(3, 3, 3, 3, 3, 3, 3)
(3, 3, 3, 3, 3, 3, 3)
(3, 3, 3, 3, 3, 3, 3)
(3, 3, 3, 3, 3, 3, 3)
(3, 3, 3, 3, 3, 3, 3)
(3, 3, 3, 3, 3, 3, 3)
(3, 3, 3, 3, 3, 3, 3)
(3, 3, 3, 3, 3, 3, 3)
(3, 3, 3, 3, 3, 3, 3)
(3, 3, 3, 3, 3, 3, 3)
(3, 3, 3, 3, 3, 3, 3)
(3, 3, 3, 3, 3, 3, 3)
(3, 3, 3, 3, 3, 3, 3)
(3, 3, 3, 3, 3, 3, 3)
(3, 3, 3, 3, 3, 3, 3)
(3, 3, 3, 3, 3, 3, 3)
(3, 3, 3, 3, 3, 3, 3)
(3, 3, 3, 3, 3, 3, 3)
(3, 3, 3, 3, 3, 3, 3)
(3, 3, 3, 3, 3, 3, 3)
(3, 3, 3, 3, 3, 3, 3)
(3, 3, 3, 3, 3, 3, 3)
(3, 3, 3, 3, 3, 3, 3)
(3, 3, 3, 3, 3, 3, 3)
(3, 3, 3, 3, 3, 3, 3)
(3, 3, 3, 3, 3, 3, 3)
(3, 3, 3, 3, 3, 3, 3)
(3, 3, 3, 3, 3, 3, 3)
(3, 3, 3, 3, 3, 3, 3)
(3, 3, 3, 3, 3, 3, 3)
(3, 3, 3, 3, 3, 3, 3)
(3, 3, 3, 3, 3, 3, 3)
(3, 3, 3, 3, 3, 3, 3)
(3, 3, 3, 3, 3, 3, 3)
(3, 3, 3, 3, 3, 3, 3)
(3, 3, 3, 3, 3, 3, 3)
(3, 3, 3, 3, 3, 3, 3)
(3, 3, 3, 3, 3, 3, 3)
(3, 3, 3, 3, 3, 3, 3)
(3, 3, 3, 3, 3, 3, 3)
(3, 3, 3, 3, 3, 3, 3)
(3, 3, 3, 3, 3, 3, 3)
(3, 3, 3, 3, 3, 3, 3)
(3, 3, 3, 3, 3, 3, 3)
(3, 3, 3, 3, 3, 3, 3)
(3, 3, 3, 3, 3, 3, 3)
(3, 3, 3, 3, 3, 3, 3)
(3, 3, 3, 3, 3, 3, 3)
(3, 3, 3, 3, 3, 3, 3)
(3, 3, 3, 3, 3, 3, 3)
(3, 3, 3, 3, 3, 3, 3)
(3, 3, 3, 3, 3, 3, 3)
(3, 3, 3, 3, 3, 3, 3)
(3, 3, 3, 3, 3, 3, 3)
(3, 3, 3, 3, 3, 3, 3)
(3, 3, 3, 3, 3, 3, 3)
(3, 3, 3, 3, 3, 3, 3)
(3, 3, 3, 3, 3, 3, 3)
(3, 3, 3, 3, 3, 3, 3)
(3, 3, 3, 3, 3, 3, 3)
(3, 3, 3, 3, 3, 3, 3)
(3, 3, 3, 3, 3, 3, 3)
(3, 3, 3, 3, 3, 3, 3)
(3, 3, 3, 3, 3, 3, 3)
(3, 3, 3, 3, 3, 3, 3)
(3, 3, 3, 3, 3, 3, 3)
(3, 3, 3, 3, 3, 3, 3)
(3, 3, 3, 3, 3, 3, 3)
(3, 3, 3, 3, 3, 3, 3)
(3, 3, 3, 3, 3, 3, 3)
(3, 3, 3, 3, 3, 3, 3)
(3, 3, 3, 3, 3, 3, 3)
(3, 3, 3, 3, 3, 3, 3)
(3, 3, 3, 3, 3, 3, 3)
(3, 3, 3, 3, 3, 3, 3)
(3, 3, 3, 3, 3, 3, 3)
(3, 3, 3, 3, 3, 3, 3)
(3, 3, 3, 3, 3, 3, 3)
(3, 3, 3, 3, 3, 3, 3)
(3, 3, 3, 3, 3, 3, 3)
(3, 3, 3, 3, 3, 3, 3)
(3, 3, 3, 3, 3, 3, 3)
(3, 3, 3, 3, 3, 3, 3)
(3, 3, 3, 3, 3, 3, 3)
(3, 3, 3, 3, 3, 3, 3)
(3, 3, 3, 3, 3, 3, 3)
(3, 3, 3, 3, 3, 3, 3)
(3, 3, 3, 3, 3, 3, 3)
(3, 3, 3, 3, 3, 3, 3)
(3, 3, 3, 3, 3, 3, 3)
(3, 3, 3, 3, 3, 3, 3)
(3, 3, 3, 3, 3, 3, 3)
(3, 3, 3, 3, 3, 3, 3)
(3, 3, 3, 3, 3, 3, 4)
(3, 3, 3, 3, 3, 4, 29)
(3, 3, 3, 3, 4, 29, 3)
(3, 3, 3, 3, 3, 3, 3)
(3, 3, 3, 4, 29, 3, 3)
(3, 3, 3, 3, 3, 3, 3)
(3, 3, 3, 3, 3, 3, 2)
(3, 3, 3, 3, 3, 2, 1)
(3, 3, 3, 3, 3, 3, 3)
(3, 3, 3, 3, 3, 3, 17)
(3, 3, 3, 3, 3, 17, 10)
(3, 3, 3, 3, 17, 10, 18)
(3, 3, 3, 17, 10, 18, 2)
(3, 3, 17, 10, 18, 2, 19)
(3, 17, 10, 18, 2, 19, 18)
(17, 10, 18, 2, 19, 18, 17)
(10, 18, 2, 19, 18, 17, 17)
(18, 2, 19, 18, 17, 17, 17)
(2, 19, 18, 17, 17, 17, 3)
(3, 3, 3, 3, 2, 1, 3)
(19, 18, 17, 17, 17, 3, 3)
(3, 3, 3, 2, 1, 3, 3)
(3, 3, 3, 3, 3, 3, 3)
(3, 3, 3, 3, 3, 3, 17)
(3, 3, 3, 3, 3, 17, 10)
(3, 3, 3, 3, 17, 10, 18)
(3, 3, 3, 17, 10, 18, 2)
(3, 3, 17, 10, 18, 2, 19)
(3, 17, 10, 18, 2, 19, 18)
(17, 10, 18, 2, 19, 18, 17)
(10, 18, 2, 19, 18, 17, 17)
(18, 2, 19, 18, 17, 17, 17)
(2, 19, 18, 17, 17, 17, 3)
(3, 3, 2, 1, 3, 3, 3)
(19, 18, 17, 17, 17, 3, 3)
(3, 2, 1, 3, 3, 3, 3)
(3, 3, 3, 3, 3, 3, 3)
(3, 3, 3, 3, 3, 3, 17)
(3, 3, 3, 3, 3, 17, 10)
(3, 3, 3, 3, 17, 10, 18)
(3, 3, 3, 17, 10, 18, 2)
(3, 3, 17, 10, 18, 2, 19)
(3, 17, 10, 18, 2, 19, 18)
(17, 10, 18, 2, 19, 18, 17)
(10, 18, 2, 19, 18, 17, 17)
(18, 2, 19, 18, 17, 17, 17)
(2, 19, 18, 17, 17, 17, 3)
(2, 1, 3, 3, 3, 3, 3)
(19, 18, 17, 17, 17, 3, 3)
(1, 3, 3, 3, 3, 3, 3)
(3, 3, 4, 29, 3, 3, 3)
(3, 4, 29, 3, 3, 3, 17)
(4, 29, 3, 3, 3, 17, 10)
(29, 3, 3, 3, 17, 10, 18)
(3, 3, 3, 17, 10, 18, 2)
(3, 3, 17, 10, 18, 2, 19)
(3, 17, 10, 18, 2, 19, 18)
(17, 10, 18, 2, 19, 18, 17)
(10, 18, 2, 19, 18, 17, 17)
(18, 2, 19, 18, 17, 17, 17)
(2, 19, 18, 17, 17, 17, 3)
(3, 3, 3, 3, 3, 3, 3)
(19, 18, 17, 17, 17, 3, 3)
(3, 3, 3, 3, 3, 3, 3)
(18, 17, 17, 17, 3, 3, 3)
(17, 17, 17, 3, 3, 3, 17)
(17, 17, 3, 3, 3, 17, 10)
(17, 3, 3, 3, 17, 10, 18)
(3, 3, 3, 17, 10, 18, 2)
(3, 3, 17, 10, 18, 2, 19)
(3, 17, 10, 18, 2, 19, 18)
(17, 10, 18, 2, 19, 18, 17)
(10, 18, 2, 19, 18, 17, 17)
(18, 2, 19, 18, 17, 17, 17)
(2, 19, 18, 17, 17, 17, 3)
(3, 3, 3, 3, 3, 3, 3)
(19, 18, 17, 17, 17, 3, 3)
(3, 3, 3, 3, 3, 3, 3)
(18, 17, 17, 17, 3, 3, 3)
(17, 17, 17, 3, 3, 3, 17)
(17, 17, 3, 3, 3, 17, 10)
(17, 3, 3, 3, 17, 10, 18)
(3, 3, 3, 17, 10, 18, 2)
(3, 3, 17, 10, 18, 2, 19)
(3, 17, 10, 18, 2, 19, 18)
(17, 10, 18, 2, 19, 18, 17)
(10, 18, 2, 19, 18, 17, 17)
(18, 2, 19, 18, 17, 17, 17)
(2, 19, 18, 17, 17, 17, 3)
(3, 3, 3, 3, 3, 3, 3)
(19, 18, 17, 17, 17, 3, 3)
(3, 3, 3, 3, 3, 3, 3)
(18, 17, 17, 17, 3, 3, 3)
(17, 17, 17, 3, 3, 3, 17)
(17, 17, 3, 3, 3, 17, 10)
(17, 3, 3, 3, 17, 10, 18)
(3, 3, 3, 17, 10, 18, 2)
(3, 3, 17, 10, 18, 2, 19)
(3, 17, 10, 18, 2, 19, 18)
(17, 10, 18, 2, 19, 18, 17)
(10, 18, 2, 19, 18, 17, 17)
(18, 2, 19, 18, 17, 17, 17)
(2, 19, 18, 17, 17, 17, 3)
(3, 3, 3, 3, 3, 3, 3)
(19, 18, 17, 17, 17, 3, 3)
(3, 3, 3, 3, 3, 3, 3)
(18, 17, 17, 17, 3, 3, 3)
(17, 17, 17, 3, 3, 3, 17)
(17, 17, 3, 3, 3, 17, 10)
(17, 3, 3, 3, 17, 10, 18)
(3, 3, 3, 17, 10, 18, 2)
(3, 3, 17, 10, 18, 2, 19)
(3, 17, 10, 18, 2, 19, 18)
(17, 10, 18, 2, 19, 18, 17)
(10, 18, 2, 19, 18, 17, 17)
(18, 2, 19, 18, 17, 17, 17)
(2, 19, 18, 17, 17, 17, 3)
(3, 3, 3, 3, 3, 3, 3)
(19, 18, 17, 17, 17, 3, 3)
(3, 3, 3, 3, 3, 3, 3)
(18, 17, 17, 17, 3, 3, 3)
(17, 17, 17, 3, 3, 3, 17)
(17, 17, 3, 3, 3, 17, 10)
(17, 3, 3, 3, 17, 10, 18)
(3, 3, 3, 17, 10, 18, 2)
(3, 3, 17, 10, 18, 2, 19)
(3, 17, 10, 18, 2, 19, 18)
(17, 10, 18, 2, 19, 18, 17)
(10, 18, 2, 19, 18, 17, 17)
(18, 2, 19, 18, 17, 17, 17)
(2, 19, 18, 17, 17, 17, 3)
(3, 3, 3, 3, 3, 3, 3)
(19, 18, 17, 17, 17, 3, 3)
(3, 3, 3, 3, 3, 3, 3)
(18, 17, 17, 17, 3, 3, 3)
(17, 17, 17, 3, 3, 3, 17)
(17, 17, 3, 3, 3, 17, 10)
(17, 3, 3, 3, 17, 10, 18)
(3, 3, 3, 17, 10, 18, 2)
(3, 3, 17, 10, 18, 2, 19)
(3, 17, 10, 18, 2, 19, 18)
(17, 10, 18, 2, 19, 18, 17)
(10, 18, 2, 19, 18, 17, 17)
(18, 2, 19, 18, 17, 17, 17)
(2, 19, 18, 17, 17, 17, 3)
(3, 3, 3, 3, 3, 3, 3)
(19, 18, 17, 17, 17, 3, 3)
(3, 3, 3, 3, 3, 3, 3)
(18, 17, 17, 17, 3, 3, 3)
(17, 17, 17, 3, 3, 3, 17)
(17, 17, 3, 3, 3, 17, 10)
(17, 3, 3, 3, 17, 10, 18)
(3, 3, 3, 17, 10, 18, 2)
(3, 3, 17, 10, 18, 2, 19)
(3, 17, 10, 18, 2, 19, 18)
(17, 10, 18, 2, 19, 18, 17)
(10, 18, 2, 19, 18, 17, 17)
(18, 2, 19, 18, 17, 17, 17)
(2, 19, 18, 17, 17, 17, 3)
(3, 3, 3, 3, 3, 3, 3)
(19, 18, 17, 17, 17, 3, 3)
(3, 3, 3, 3, 3, 3, 3)
(18, 17, 17, 17, 3, 3, 3)
(17, 17, 17, 3, 3, 3, 17)
(17, 17, 3, 3, 3, 17, 10)
(17, 3, 3, 3, 17, 10, 18)
(3, 3, 3, 17, 10, 18, 2)
(3, 3, 17, 10, 18, 2, 19)
(3, 17, 10, 18, 2, 19, 18)
(17, 10, 18, 2, 19, 18, 17)
(10, 18, 2, 19, 18, 17, 17)
(18, 2, 19, 18, 17, 17, 17)
(2, 19, 18, 17, 17, 17, 3)
(3, 3, 3, 3, 3, 3, 3)
(19, 18, 17, 17, 17, 3, 3)
(3, 3, 3, 3, 3, 3, 3)
(18, 17, 17, 17, 3, 3, 3)
(17, 17, 17, 3, 3, 3, 17)
(17, 17, 3, 3, 3, 17, 10)
(17, 3, 3, 3, 17, 10, 18)
(3, 3, 3, 17, 10, 18, 2)
(3, 3, 17, 10, 18, 2, 19)
(3, 17, 10, 18, 2, 19, 18)
(17, 10, 18, 2, 19, 18, 17)
(10, 18, 2, 19, 18, 17, 17)
(18, 2, 19, 18, 17, 17, 17)
(2, 19, 18, 17, 17, 17, 3)
(3, 3, 3, 3, 3, 3, 3)
(19, 18, 17, 17, 17, 3, 3)
(3, 3, 3, 3, 3, 3, 3)
(18, 17, 17, 17, 3, 3, 3)
(17, 17, 17, 3, 3, 3, 17)
(17, 17, 3, 3, 3, 17, 10)
(17, 3, 3, 3, 17, 10, 18)
(3, 3, 3, 17, 10, 18, 2)
(3, 3, 17, 10, 18, 2, 19)
(3, 17, 10, 18, 2, 19, 18)
(17, 10, 18, 2, 19, 18, 17)
(10, 18, 2, 19, 18, 17, 17)
(18, 17, 17, 17, 3, 3, 17)
(17, 17, 17, 3, 3, 17, 17)
(17, 17, 3, 3, 17, 17, 3)
(3, 3, 3, 3, 3, 3, 3)
(17, 3, 3, 17, 17, 3, 3)
(3, 3, 3, 3, 3, 3, 3)
(18, 2, 19, 18, 17, 17, 3)
(2, 19, 18, 17, 17, 3, 17)
(19, 18, 17, 17, 3, 17, 10)
(18, 17, 17, 3, 17, 10, 18)
(17, 17, 3, 17, 10, 18, 2)
(17, 3, 17, 10, 18, 2, 19)
(3, 17, 10, 18, 2, 19, 18)
(17, 10, 18, 2, 19, 18, 17)
(10, 18, 2, 19, 18, 17, 17)
(18, 2, 19, 18, 17, 17, 17)
(2, 19, 18, 17, 17, 17, 3)
(3, 3, 3, 3, 3, 3, 3)
(19, 18, 17, 17, 17, 3, 3)
(3, 3, 3, 3, 3, 3, 3)
(18, 17, 17, 17, 3, 3, 3)
(17, 17, 17, 3, 3, 3, 17)
(17, 17, 3, 3, 3, 17, 10)
(17, 3, 3, 3, 17, 10, 18)
(3, 3, 3, 17, 10, 18, 2)
(3, 3, 17, 10, 18, 2, 19)
(3, 17, 10, 18, 2, 19, 18)
(17, 10, 18, 2, 19, 18, 17)
(10, 18, 2, 19, 18, 17, 17)
(18, 2, 19, 18, 17, 17, 17)
(2, 19, 18, 17, 17, 17, 3)
(3, 3, 3, 3, 3, 3, 3)
(19, 18, 17, 17, 17, 3, 3)
(3, 3, 3, 3, 3, 3, 3)
(18, 17, 17, 17, 3, 3, 3)
(17, 17, 17, 3, 3, 3, 17)
(17, 17, 3, 3, 3, 17, 10)
(17, 3, 3, 3, 17, 10, 18)
(3, 3, 3, 17, 10, 18, 2)
(3, 3, 17, 10, 18, 2, 19)
(3, 17, 10, 18, 2, 19, 18)
(17, 10, 18, 2, 19, 18, 17)
(10, 18, 2, 19, 18, 17, 17)
(18, 2, 19, 18, 17, 17, 17)
(2, 19, 18, 17, 17, 17, 3)
(3, 3, 3, 3, 3, 3, 3)
(19, 18, 17, 17, 17, 3, 3)
(3, 3, 3, 3, 3, 3, 3)
(3, 3, 17, 17, 3, 3, 3)
(3, 17, 17, 3, 3, 3, 17)
(17, 17, 3, 3, 3, 17, 10)
(17, 3, 3, 3, 17, 10, 18)
(3, 3, 3, 17, 10, 18, 2)
(3, 3, 17, 10, 18, 2, 19)
(3, 17, 10, 18, 2, 19, 18)
(17, 10, 18, 2, 19, 18, 17)
(10, 18, 2, 19, 18, 17, 17)
(18, 2, 19, 18, 17, 17, 17)
(2, 19, 18, 17, 17, 17, 3)
(3, 3, 3, 3, 3, 3, 3)
(19, 18, 17, 17, 17, 3, 3)
(3, 3, 3, 3, 3, 3, 3)
(18, 17, 17, 17, 3, 3, 3)
(17, 17, 17, 3, 3, 3, 17)
(17, 17, 3, 3, 3, 17, 10)
(17, 3, 3, 3, 17, 10, 18)
(3, 3, 3, 17, 10, 18, 2)
(3, 3, 17, 10, 18, 2, 19)
(3, 17, 10, 18, 2, 19, 18)
(17, 10, 18, 2, 19, 18, 17)
(10, 18, 2, 19, 18, 17, 17)
(18, 2, 19, 18, 17, 17, 17)
(2, 19, 18, 17, 17, 17, 3)
(3, 3, 3, 3, 3, 3, 3)
(19, 18, 17, 17, 17, 3, 3)
(3, 3, 3, 3, 3, 3, 3)
(18, 17, 17, 17, 3, 3, 3)
(17, 17, 17, 3, 3, 3, 17)
(17, 17, 3, 3, 3, 17, 10)
(17, 3, 3, 3, 17, 10, 18)
(3, 3, 3, 17, 10, 18, 2)
(3, 3, 17, 10, 18, 2, 19)
(3, 17, 10, 18, 2, 19, 18)
(17, 10, 18, 2, 19, 18, 17)
(10, 18, 2, 19, 18, 17, 17)
(18, 2, 19, 18, 17, 17, 17)
(2, 19, 18, 17, 17, 17, 3)
(3, 3, 3, 3, 3, 3, 3)
(19, 18, 17, 17, 17, 3, 3)
(3, 3, 3, 3, 3, 3, 3)
(18, 17, 17, 17, 3, 3, 3)
(17, 17, 17, 3, 3, 3, 17)
(17, 17, 3, 3, 3, 17, 10)
(17, 3, 3, 3, 17, 10, 18)
(3, 3, 3, 17, 10, 18, 2)
(3, 3, 17, 10, 18, 2, 19)
(3, 17, 10, 18, 2, 19, 18)
(17, 10, 18, 2, 19, 18, 17)
(10, 18, 2, 19, 18, 17, 17)
(18, 2, 19, 18, 17, 17, 17)
(2, 19, 18, 17, 17, 17, 3)
(3, 3, 3, 3, 3, 3, 3)
(19, 18, 17, 17, 17, 3, 3)
(3, 3, 3, 3, 3, 3, 3)
(18, 17, 17, 17, 3, 3, 3)
(17, 17, 17, 3, 3, 3, 17)
(17, 17, 3, 3, 3, 17, 10)
(17, 3, 3, 3, 17, 10, 18)
(3, 3, 3, 17, 10, 18, 2)
(3, 3, 17, 10, 18, 2, 19)
(3, 17, 10, 18, 2, 19, 18)
(17, 10, 18, 2, 19, 18, 17)
(10, 18, 2, 19, 18, 17, 17)
(18, 2, 19, 18, 17, 17, 17)
(2, 19, 18, 17, 17, 17, 3)
(3, 3, 3, 3, 3, 3, 3)
(19, 18, 17, 17, 17, 3, 3)
(3, 3, 3, 3, 3, 3, 3)
(18, 17, 17, 17, 3, 3, 3)
(17, 17, 17, 3, 3, 3, 17)
(17, 17, 3, 3, 3, 17, 10)
(17, 3, 3, 3, 17, 10, 18)
(3, 3, 3, 17, 10, 18, 2)
(3, 3, 17, 10, 18, 2, 19)
(3, 17, 10, 18, 2, 19, 18)
(17, 10, 18, 2, 19, 18, 17)
(10, 18, 2, 19, 18, 17, 17)
(18, 2, 19, 18, 17, 17, 17)
(2, 19, 18, 17, 17, 17, 3)
(3, 3, 3, 3, 3, 3, 3)
(19, 18, 17, 17, 17, 3, 3)
(3, 3, 3, 3, 3, 3, 3)
(18, 17, 17, 17, 3, 3, 3)
(17, 17, 17, 3, 3, 3, 17)
(17, 17, 3, 3, 3, 17, 10)
(17, 3, 3, 3, 17, 10, 18)
(3, 3, 3, 17, 10, 18, 2)
(3, 3, 17, 10, 18, 2, 19)
(3, 17, 10, 18, 2, 19, 18)
(17, 10, 18, 2, 19, 18, 17)
(10, 18, 2, 19, 18, 17, 17)
(18, 2, 19, 18, 17, 17, 17)
(2, 19, 18, 17, 17, 17, 3)
(3, 3, 3, 3, 3, 3, 3)
(19, 18, 17, 17, 17, 3, 3)
(3, 3, 3, 3, 3, 3, 3)
(18, 17, 17, 17, 3, 3, 3)
(17, 17, 17, 3, 3, 3, 17)
(17, 17, 3, 3, 3, 17, 10)
(17, 3, 3, 3, 17, 10, 18)
(3, 3, 3, 17, 10, 18, 2)
(3, 3, 17, 10, 18, 2, 19)
(3, 17, 10, 18, 2, 19, 18)
(17, 10, 18, 2, 19, 18, 17)
(10, 18, 2, 19, 18, 17, 17)
(18, 2, 19, 18, 17, 17, 17)
(2, 19, 18, 17, 17, 17, 3)
(3, 3, 3, 3, 3, 3, 3)
(19, 18, 17, 17, 17, 3, 3)
(3, 3, 3, 3, 3, 3, 3)
(18, 17, 17, 17, 3, 3, 3)
(17, 17, 17, 3, 3, 3, 17)
(17, 17, 3, 3, 3, 17, 10)
(17, 3, 3, 3, 17, 10, 18)
(3, 3, 3, 17, 10, 18, 2)
(3, 3, 17, 10, 18, 2, 19)
(3, 17, 10, 18, 2, 19, 18)
(17, 10, 18, 2, 19, 18, 17)
(10, 18, 2, 19, 18, 17, 17)
(18, 2, 19, 18, 17, 17, 17)
(2, 19, 18, 17, 17, 17, 3)
(3, 3, 3, 3, 3, 3, 3)
(19, 18, 17, 17, 17, 3, 3)
(3, 3, 3, 3, 3, 3, 3)
(18, 17, 17, 17, 3, 3, 3)
(17, 17, 17, 3, 3, 3, 17)
(17, 17, 3, 3, 3, 17, 10)
(17, 3, 3, 3, 17, 10, 18)
(3, 3, 3, 17, 10, 18, 2)
(3, 3, 17, 10, 18, 2, 19)
(3, 17, 10, 18, 2, 19, 18)
(17, 10, 18, 2, 19, 18, 17)
(10, 18, 2, 19, 18, 17, 17)
(18, 2, 19, 18, 17, 17, 17)
(2, 19, 18, 17, 17, 17, 3)
(3, 3, 3, 3, 3, 3, 3)
(19, 18, 17, 17, 17, 3, 3)
(3, 3, 3, 3, 3, 3, 3)
(18, 17, 17, 17, 3, 3, 3)
(17, 17, 17, 3, 3, 3, 17)
(17, 17, 3, 3, 3, 17, 10)
(17, 3, 3, 3, 17, 10, 18)
(3, 3, 3, 17, 10, 18, 2)
(3, 3, 17, 10, 18, 2, 19)
(3, 17, 10, 18, 2, 19, 18)
(17, 10, 18, 2, 19, 18, 17)
(10, 18, 2, 19, 18, 17, 17)
(18, 2, 19, 18, 17, 17, 17)
(2, 19, 18, 17, 17, 17, 3)
(3, 3, 3, 3, 3, 3, 3)
(19, 18, 17, 17, 17, 3, 3)
(3, 3, 3, 3, 3, 3, 3)
(18, 17, 17, 17, 3, 3, 3)
(17, 17, 17, 3, 3, 3, 4)
(17, 17, 3, 3, 3, 4, 7)
(17, 3, 3, 3, 4, 7, 3)
(3, 3, 3, 3, 3, 3, 3)
(3, 3, 3, 4, 7, 3, 3)
(3, 3, 3, 3, 3, 3, 3)
(3, 3, 3, 3, 3, 3, 2)
(3, 3, 3, 3, 3, 2, 1)
(18, 17, 17, 17, 3, 3, 3)
(17, 17, 17, 3, 3, 3, 3)
(3, 3, 3, 3, 2, 1, 3)
(17, 17, 3, 3, 3, 3, 3)
(3, 3, 3, 2, 1, 3, 3)
(18, 17, 17, 17, 3, 3, 3)
(17, 17, 17, 3, 3, 3, 3)
(3, 3, 2, 1, 3, 3, 3)
(17, 17, 3, 3, 3, 3, 3)
(3, 2, 1, 3, 3, 3, 3)
(18, 17, 17, 17, 3, 3, 3)
(17, 17, 17, 3, 3, 3, 3)
(2, 1, 3, 3, 3, 3, 3)
(17, 17, 3, 3, 3, 3, 3)
(1, 3, 3, 3, 3, 3, 3)
(3, 3, 4, 7, 3, 3, 3)
(3, 4, 7, 3, 3, 3, 3)
(3, 3, 3, 3, 3, 3, 3)
(4, 7, 3, 3, 3, 3, 3)
(3, 3, 3, 3, 3, 3, 3)
(17, 3, 3, 3, 3, 3, 3)
(3, 3, 3, 3, 3, 3, 3)
(3, 3, 3, 3, 3, 3, 3)
(3, 3, 3, 3, 3, 3, 3)
(3, 3, 3, 3, 3, 3, 3)
(17, 3, 3, 3, 3, 3, 3)
(3, 3, 3, 3, 3, 3, 3)
(3, 3, 3, 3, 3, 3, 3)
(3, 3, 3, 3, 3, 3, 3)
(3, 3, 3, 3, 3, 3, 3)
(17, 3, 3, 3, 3, 3, 3)
(3, 3, 3, 3, 3, 3, 3)
(3, 3, 3, 3, 3, 3, 3)
(3, 3, 3, 3, 3, 3, 3)
(3, 3, 3, 3, 3, 3, 3)
(7, 3, 3, 3, 3, 3, 3)
(3, 3, 3, 3, 3, 3, 3)
(3, 3, 3, 3, 3, 3, 3)
(3, 3, 3, 3, 3, 3, 3)
(3, 3, 3, 3, 3, 3, 3)
(3, 3, 3, 3, 3, 3, 3)
(3, 3, 3, 3, 3, 3, 3)
(3, 3, 3, 3, 3, 3, 3)
(3, 3, 3, 3, 3, 3, 3)
(3, 3, 3, 3, 3, 3, 3)
(3, 3, 3, 3, 3, 3, 3)
(3, 3, 3, 3, 3, 3, 3)
(3, 3, 3, 3, 3, 3, 3)
(3, 3, 3, 3, 3, 3, 3)
(3, 3, 3, 3, 3, 3, 3)
(3, 3, 3, 3, 3, 3, 3)
(3, 3, 3, 3, 3, 3, 3)
(3, 3, 3, 3, 3, 3, 3)
(3, 3, 3, 3, 3, 3, 3)
(3, 3, 3, 3, 3, 3, 3)
(3, 3, 3, 3, 3, 3, 3)
(3, 3, 3, 3, 3, 3, 3)
(3, 3, 3, 3, 3, 3, 3)
(3, 3, 3, 3, 3, 3, 3)
(3, 3, 3, 3, 3, 3, 3)
(3, 3, 3, 3, 3, 3, 3)
(3, 3, 3, 3, 3, 3, 3)
(3, 3, 3, 3, 3, 3, 3)
(3, 3, 3, 3, 3, 3, 3)
(3, 3, 3, 3, 3, 3, 3)
(3, 3, 3, 3, 3, 3, 3)
(3, 3, 3, 3, 3, 3, 3)
(3, 3, 3, 3, 3, 3, 3)
(3, 3, 3, 3, 3, 3, 3)
(3, 3, 3, 3, 3, 3, 3)
(3, 3, 3, 3, 3, 3, 3)
(3, 3, 3, 3, 3, 3, 3)
(3, 3, 3, 3, 3, 3, 3)
(3, 3, 3, 3, 3, 3, 3)
(3, 3, 3, 3, 3, 3, 3)
(3, 3, 3, 3, 3, 3, 3)
(3, 3, 3, 3, 3, 3, 3)
(3, 3, 3, 3, 3, 3, 3)
(3, 3, 3, 3, 3, 3, 3)
(3, 3, 3, 3, 3, 3, 3)
(3, 3, 3, 3, 3, 3, 14)
(3, 3, 3, 3, 3, 14, 14)
(3, 3, 3, 3, 14, 14, 14)
(3, 3, 3, 14, 14, 14, 14)
(3, 3, 14, 14, 14, 14, 14)
(3, 14, 14, 14, 14, 14, 14)
(14, 14, 14, 14, 14, 14, 14)
(14, 14, 14, 14, 14, 14, 14)
(14, 14, 14, 14, 14, 14, 14)
(14, 14, 14, 14, 14, 14, 14)
(14, 14, 14, 14, 14, 14, 14)
(14, 14, 14, 14, 14, 14, 14)
(14, 14, 14, 14, 14, 14, 14)
(14, 14, 14, 14, 14, 14, 14)
(14, 14, 14, 14, 14, 14, 14)
(14, 14, 14, 14, 14, 14, 14)
(14, 14, 14, 14, 14, 14, 14)
(14, 14, 14, 14, 14, 14, 14)
(14, 14, 14, 14, 14, 14, 14)
(14, 14, 14, 14, 14, 14, 14)
(14, 14, 14, 14, 14, 14, 14)
(14, 14, 14, 14, 14, 14, 14)
(14, 14, 14, 14, 14, 14, 14)
(14, 14, 14, 14, 14, 14, 14)
(14, 14, 14, 14, 14, 14, 14)
(14, 14, 14, 14, 14, 14, 14)
(14, 14, 14, 14, 14, 14, 14)
(14, 14, 14, 14, 14, 14, 14)
(14, 14, 14, 14, 14, 14, 14)
(14, 14, 14, 14, 14, 14, 14)
(14, 14, 14, 14, 14, 14, 14)
(14, 14, 14, 14, 14, 14, 14)
(3, 3, 3, 3, 3, 3, 3)
(3, 3, 3, 3, 3, 3, 3)
(14, 14, 14, 14, 14, 14, 3)
(3, 3, 3, 3, 3, 3, 3)
(14, 14, 14, 14, 14, 3, 3)
(3, 3, 3, 3, 3, 3, 3)
(3, 3, 3, 3, 3, 3, 3)
(14, 14, 14, 14, 3, 3, 3)
(3, 3, 3, 3, 3, 3, 3)
(14, 14, 14, 3, 3, 3, 3)
(3, 3, 3, 3, 3, 3, 3)
(3, 3, 3, 3, 3, 3, 3)
(14, 14, 3, 3, 3, 3, 3)
(3, 3, 3, 3, 3, 3, 3)
(14, 3, 3, 3, 3, 3, 3)
(3, 3, 3, 3, 3, 3, 3)
(3, 3, 3, 3, 3, 3, 3)
(3, 3, 3, 3, 3, 3, 3)
(3, 3, 3, 3, 3, 3, 3)
(3, 3, 3, 3, 3, 3, 3)
(3, 3, 3, 3, 3, 3, 3)
(3, 3, 3, 3, 3, 3, 3)
(3, 3, 3, 3, 3, 3, 3)
(3, 3, 3, 3, 3, 3, 3)
(3, 3, 3, 3, 3, 3, 3)
(3, 3, 3, 3, 3, 3, 3)
(3, 3, 3, 3, 3, 3, 3)
(3, 3, 3, 3, 3, 3, 3)
(3, 3, 3, 3, 3, 3, 3)
(3, 3, 3, 3, 3, 3, 3)
(3, 3, 3, 3, 3, 3, 3)
(3, 3, 3, 3, 3, 3, 3)
(3, 3, 3, 3, 3, 3, 3)
(3, 3, 3, 3, 3, 3, 3)
(3, 3, 3, 3, 3, 3, 3)
(3, 3, 3, 3, 3, 3, 3)
(3, 3, 3, 3, 3, 3, 3)
(3, 3, 3, 3, 3, 3, 3)
(3, 3, 3, 3, 3, 3, 3)
(3, 3, 3, 3, 3, 3, 3)
(3, 3, 3, 3, 3, 3, 3)
(3, 3, 3, 3, 3, 3, 3)
(3, 3, 3, 3, 3, 3, 3)
(3, 3, 3, 3, 3, 3, 3)
(3, 3, 3, 3, 3, 3, 3)
(3, 3, 3, 3, 3, 3, 3)
(3, 3, 3, 3, 3, 3, 3)
(3, 3, 3, 3, 3, 3, 3)
(3, 3, 3, 3, 3, 3, 3)
(3, 3, 3, 3, 3, 3, 3)
(3, 3, 3, 3, 3, 3, 3)
(3, 3, 3, 3, 3, 3, 3)
(3, 3, 3, 3, 3, 3, 3)
(3, 3, 3, 3, 3, 3, 3)
(3, 3, 3, 3, 3, 3, 3)
(3, 3, 3, 3, 3, 3, 3)
(3, 3, 3, 3, 3, 3, 3)
(3, 3, 3, 3, 3, 3, 3)
(3, 3, 3, 3, 3, 3, 3)
(3, 3, 3, 3, 3, 3, 3)
(3, 3, 3, 3, 3, 3, 3)
(3, 3, 3, 3, 3, 3, 3)
(3, 3, 3, 3, 3, 3, 3)
(3, 3, 3, 3, 3, 3, 3)
(3, 3, 3, 3, 3, 3, 3)
(3, 3, 3, 3, 3, 3, 3)
(3, 3, 3, 3, 3, 3, 3)
(3, 3, 3, 3, 3, 3, 3)
(3, 3, 3, 3, 3, 3, 3)
(3, 3, 3, 3, 3, 3, 3)
(3, 3, 3, 3, 3, 3, 3)
(3, 3, 3, 3, 3, 3, 3)
(3, 3, 3, 3, 3, 3, 3)
(3, 3, 3, 3, 3, 3, 3)
(3, 3, 3, 3, 3, 3, 3)
(3, 3, 3, 3, 3, 3, 14)
(3, 3, 3, 3, 3, 14, 14)
(3, 3, 3, 3, 14, 14, 14)
(3, 3, 3, 14, 14, 14, 14)
(3, 3, 14, 14, 14, 14, 14)
(3, 14, 14, 14, 14, 14, 14)
(14, 14, 14, 14, 14, 14, 14)
(14, 14, 14, 14, 14, 14, 14)
(14, 14, 14, 14, 14, 14, 14)
(14, 14, 14, 14, 14, 14, 14)
(14, 14, 14, 14, 14, 14, 14)
(14, 14, 14, 14, 14, 14, 14)
(14, 14, 14, 14, 14, 14, 14)
(14, 14, 14, 14, 14, 14, 14)
(14, 14, 14, 14, 14, 14, 14)
(14, 14, 14, 14, 14, 14, 14)
(14, 14, 14, 14, 14, 14, 14)
(14, 14, 14, 14, 14, 14, 14)
(14, 14, 14, 14, 14, 14, 14)
(14, 14, 14, 14, 14, 14, 14)
(14, 14, 14, 14, 14, 14, 14)
(14, 14, 14, 14, 14, 14, 14)
(14, 14, 14, 14, 14, 14, 14)
(14, 14, 14, 14, 14, 14, 14)
(14, 14, 14, 14, 14, 14, 14)
(14, 14, 14, 14, 14, 14, 14)
(14, 14, 14, 14, 14, 14, 14)
(14, 14, 14, 14, 14, 14, 14)
(14, 14, 14, 14, 14, 14, 14)
(14, 14, 14, 14, 14, 14, 14)
(3, 3, 3, 3, 3, 3, 3)
(3, 3, 3, 3, 3, 3, 3)
(14, 14, 14, 14, 14, 14, 3)
(3, 3, 3, 3, 3, 3, 3)
(3, 3, 3, 3, 3, 3, 3)
(14, 14, 14, 14, 14, 3, 3)
(3, 3, 3, 3, 3, 3, 3)
(14, 14, 14, 14, 3, 3, 3)
(3, 3, 3, 3, 3, 3, 3)
(3, 3, 3, 3, 3, 3, 4)
(3, 3, 3, 3, 3, 4, 6)
(3, 3, 3, 3, 4, 6, 3)
(14, 14, 14, 3, 3, 3, 3)
(3, 3, 3, 4, 6, 3, 3)
(14, 14, 3, 3, 3, 3, 3)
(14, 3, 3, 3, 3, 3, 9)
(3, 3, 3, 3, 3, 9, 9)
(3, 3, 3, 3, 9, 9, 9)
(3, 3, 3, 9, 9, 9, 9)
(3, 3, 9, 9, 9, 9, 9)
(3, 9, 9, 9, 9, 9, 9)
(9, 9, 9, 9, 9, 9, 9)
(9, 9, 9, 9, 9, 9, 9)
(9, 9, 9, 9, 9, 9, 9)
(9, 9, 9, 9, 9, 9, 9)
(9, 9, 9, 9, 9, 9, 9)
(9, 9, 9, 9, 9, 9, 9)
(9, 9, 9, 9, 9, 9, 9)
(9, 9, 9, 9, 9, 9, 9)
(9, 9, 9, 9, 9, 9, 9)
(9, 9, 9, 9, 9, 9, 9)
(9, 9, 9, 9, 9, 9, 9)
(9, 9, 9, 9, 9, 9, 9)
(9, 9, 9, 9, 9, 9, 9)
(9, 9, 9, 9, 9, 9, 9)
(9, 9, 9, 9, 9, 9, 9)
(9, 9, 9, 9, 9, 9, 9)
(9, 9, 9, 9, 9, 9, 9)
(9, 9, 9, 9, 9, 9, 9)
(9, 9, 9, 9, 9, 9, 9)
(9, 9, 9, 9, 9, 9, 9)
(9, 9, 9, 9, 9, 9, 9)
(9, 9, 9, 9, 9, 9, 9)
(9, 9, 9, 9, 9, 9, 2)
(3, 3, 3, 3, 3, 3, 3)
(3, 3, 3, 3, 3, 3, 4)
(3, 3, 3, 3, 3, 4, 6)
(3, 3, 3, 3, 4, 6, 3)
(9, 9, 9, 9, 9, 2, 1)
(9, 9, 9, 9, 2, 1, 3)
(9, 9, 9, 2, 1, 3, 2)
(9, 9, 2, 1, 3, 2, 1)
(9, 2, 1, 3, 2, 1, 1)
(3, 3, 3, 4, 6, 3, 3)
(3, 3, 4, 6, 3, 3, 3)
(2, 1, 3, 2, 1, 1, 3)
(3, 4, 6, 3, 3, 3, 3)
(1, 3, 2, 1, 1, 3, 3)
(3, 3, 3, 3, 3, 3, 3)
(3, 3, 3, 3, 3, 3, 4)
(3, 3, 3, 3, 3, 4, 4)
(3, 3, 3, 3, 4, 4, 3)
(3, 2, 1, 1, 3, 3, 3)
(3, 3, 3, 4, 4, 3, 3)
(2, 1, 1, 3, 3, 3, 3)
(1, 1, 3, 3, 3, 3, 4)
(1, 3, 3, 3, 3, 4, 12)
(3, 3, 3, 3, 4, 12, 2)
(3, 3, 3, 4, 12, 2, 1)
(3, 3, 4, 12, 2, 1, 15)
(3, 3, 3, 3, 3, 3, 3)
(3, 3, 3, 3, 3, 3, 17)
(3, 3, 3, 3, 3, 17, 10)
(3, 3, 3, 3, 17, 10, 18)
(3, 3, 3, 17, 10, 18, 2)
(3, 3, 17, 10, 18, 2, 19)
(3, 17, 10, 18, 2, 19, 18)
(17, 10, 18, 2, 19, 18, 17)
(10, 18, 2, 19, 18, 17, 17)
(18, 2, 19, 18, 17, 17, 17)
(2, 19, 18, 17, 17, 17, 3)
(3, 4, 12, 2, 1, 15, 3)
(19, 18, 17, 17, 17, 3, 3)
(4, 12, 2, 1, 15, 3, 3)
(3, 3, 4, 6, 3, 3, 3)
(3, 4, 6, 3, 3, 3, 17)
(4, 6, 3, 3, 3, 17, 10)
(6, 3, 3, 3, 17, 10, 18)
(3, 3, 3, 17, 10, 18, 2)
(3, 3, 17, 10, 18, 2, 19)
(3, 17, 10, 18, 2, 19, 18)
(17, 10, 18, 2, 19, 18, 17)
(10, 18, 2, 19, 18, 17, 17)
(18, 2, 19, 18, 17, 17, 17)
(2, 19, 18, 17, 17, 17, 3)
(12, 2, 1, 15, 3, 3, 3)
(19, 18, 17, 17, 17, 3, 3)
(2, 1, 15, 3, 3, 3, 3)
(1, 15, 3, 3, 3, 3, 12)
(4, 6, 3, 3, 3, 3, 3)
(6, 3, 3, 3, 3, 3, 4)
(3, 3, 3, 3, 3, 4, 3)
(15, 3, 3, 3, 3, 12, 3)
(3, 3, 3, 3, 4, 3, 3)
(3, 3, 3, 3, 12, 3, 3)
(3, 3, 3, 12, 3, 3, 2)
(3, 3, 12, 3, 3, 2, 2)
(3, 12, 3, 3, 2, 2, 5)
(12, 3, 3, 2, 2, 5, 2)
(3, 3, 2, 2, 5, 2, 6)
(3, 2, 2, 5, 2, 6, 7)
(2, 2, 5, 2, 6, 7, 6)
(2, 5, 2, 6, 7, 6, 5)
(5, 2, 6, 7, 6, 5, 2)
(2, 6, 7, 6, 5, 2, 6)
(6, 7, 6, 5, 2, 6, 7)
(7, 6, 5, 2, 6, 7, 6)
(6, 5, 2, 6, 7, 6, 5)
(5, 2, 6, 7, 6, 5, 2)
(2, 6, 7, 6, 5, 2, 25)
(6, 7, 6, 5, 2, 25, 6)
(7, 6, 5, 2, 25, 6, 7)
(6, 5, 2, 25, 6, 7, 6)
(5, 2, 25, 6, 7, 6, 5)
(2, 25, 6, 7, 6, 5, 2)
(25, 6, 7, 6, 5, 2, 6)
(6, 7, 6, 5, 2, 6, 7)
(7, 6, 5, 2, 6, 7, 6)
(6, 5, 2, 6, 7, 6, 5)
(5, 2, 6, 7, 6, 5, 2)
(2, 6, 7, 6, 5, 2, 6)
(6, 7, 6, 5, 2, 6, 7)
(7, 6, 5, 2, 6, 7, 6)
(6, 5, 2, 6, 7, 6, 5)
(5, 2, 6, 7, 6, 5, 2)
(2, 6, 7, 6, 5, 2, 25)
(6, 7, 6, 5, 2, 25, 6)
(7, 6, 5, 2, 25, 6, 7)
(6, 5, 2, 25, 6, 7, 6)
(5, 2, 25, 6, 7, 6, 5)
(2, 25, 6, 7, 6, 5, 2)
(25, 6, 7, 6, 5, 2, 6)
(6, 7, 6, 5, 2, 6, 7)
(7, 6, 5, 2, 6, 7, 6)
(6, 5, 2, 6, 7, 6, 5)
(5, 2, 6, 7, 6, 5, 2)
(2, 6, 7, 6, 5, 2, 6)
(6, 7, 6, 5, 2, 6, 7)
(7, 6, 5, 2, 6, 7, 6)
(6, 5, 2, 6, 7, 6, 2)
(5, 2, 6, 7, 6, 2, 5)
(2, 6, 7, 6, 2, 5, 2)
(6, 7, 6, 2, 5, 2, 25)
(7, 6, 2, 5, 2, 25, 6)
(6, 2, 5, 2, 25, 6, 7)
(2, 5, 2, 25, 6, 7, 6)
